	10	34	31	47	48	42	39	16	14	23	11	68	52	64	65	21	33	38	40	75	53	54	77	28	57	58	56	30	73	81	55	82	46	71	72	59	79	80	78	63	70	76
10	0.0	-0.08020806108861495	-0.02577165013414942	-0.04058740395016879	-0.03208011108795358	0.2958189746740824	0.5232776161866615	0.724478832590134	0.851612600271951	0.7909830306984464	0.17516811820220407	0.0	0.0	0.0	0.0	0.0	0.0	0.0	0.0	0.0	0.0	0.0	0.0	0.0	0.0	0.0	0.0	0.0	0.0	0.0	0.0	0.0	0.0	0.0	0.0	0.0	0.0	0.0	0.0	0.0	0.0	0.0
34	-0.08020806108861495	0.0	0.03197168823450916	0.0	0.0	0.0	0.0	0.0	0.0	0.0	0.14006484877401604	0.0	0.0	0.0	0.0	0.0	-0.024846105257799345	0.0	0.0	0.0	0.0	0.0	0.0	0.0	0.0	0.0	0.0	0.0	0.0	0.0	0.0	0.0	0.0	0.0	0.0	0.0	0.0	0.0	0.0	0.0	0.0	0.0
31	-0.02577165013414942	0.03197168823450916	0.0	0.03159453975143971	0.0	0.0	0.0	0.0	0.0	0.0	0.0	0.0	0.0	0.0	0.0	0.0	0.06715142798986821	0.0	0.0	0.0	0.0	0.0	0.0	0.0	0.0	0.0	0.0	0.0	0.0	0.0	0.0	0.0	0.0	0.0	0.0	0.0	0.0	0.0	0.0	0.0	0.0	0.0
47	-0.04058740395016879	0.0	0.03159453975143971	0.0	-0.019959205311037703	0.0	0.0	0.0	0.0	0.0	0.0	0.0	0.0	0.0	0.0	0.0	0.0	0.0	0.0	0.0	0.0	0.0	0.0	0.0	0.0	0.0	0.0	0.0	0.0	0.0	0.0	0.0	0.0	0.0	0.0	0.0	0.0	0.0	0.0	0.0	0.0	0.0
48	-0.03208011108795358	0.0	0.0	-0.019959205311037703	0.0	0.3767011303290193	0.0	0.0	0.0	0.0	0.0	0.0	0.0	0.0	0.0	0.0	0.0	0.0	0.0	0.0	0.0	0.0	0.0	0.0	0.0	0.0	0.0	0.12658092456223252	0.0	0.0	0.0	0.0	0.0	0.0	0.0	0.0	0.0	0.0	0.0	0.0	0.0	0.0
42	0.2958189746740824	0.0	0.0	0.0	0.3767011303290193	0.0	0.0057405578640616906	0.0	0.0	0.0	0.0	0.0	0.0	0.0	0.0	0.0	0.0	0.0	0.0	0.0	0.0	0.0	0.0	0.0	0.0	0.0	0.0	0.297630309598685	0.0	0.21382840367984837	-0.08949653086677156	0.3455949456523413	0.0	0.0	0.0	0.0	0.0	0.0	0.0	0.0	0.0	0.0
39	0.5232776161866615	0.0	0.0	0.0	0.0	0.0057405578640616906	0.0	0.1615888790330917	0.0	0.0	0.0	0.0	0.0	0.0	0.0	0.0	0.0	0.0	0.023480635341971257	0.0	0.0	0.0	0.0	0.0	0.0	0.0	-0.10590819947631624	0.0	0.0	0.0	0.011576453867148936	0.0	0.0	0.0	0.0	0.0	0.0	0.0	0.0	0.0	0.0	0.0
16	0.724478832590134	0.0	0.0	0.0	0.0	0.0	0.1615888790330917	0.0	0.14790610852913794	0.0	0.0	0.0	0.0	0.0	0.0	0.0	0.0	0.0	0.06306057374309974	0.0	0.0	0.0	0.0	0.0	0.0	0.0	0.0	0.0	0.0	0.0	0.0	0.0	0.0	0.0	0.0	0.0	0.0	0.0	0.0	0.0	0.0	0.0
14	0.851612600271951	0.0	0.0	0.0	0.0	0.0	0.0	0.14790610852913794	0.0	0.24249664756841746	0.0	0.0	0.0	0.0	0.0	0.0	0.0	0.10495954050158926	0.0	0.0	0.0	0.0	0.0	0.0	0.0	0.0	0.0	0.0	0.0	0.0	0.0	0.0	0.0	0.0	0.0	0.0	0.0	0.0	0.0	0.0	0.0	0.0
23	0.7909830306984464	0.0	0.0	0.0	0.0	0.0	0.0	0.0	0.24249664756841746	0.0	0.27322901271624156	0.06843011389305023	0.0	0.0	0.0	0.0	0.0	0.05519398731012151	0.0	0.0	0.020442937086873322	-0.09411757777320834	0.08915830015205198	0.0	0.0	0.0	0.0	0.0	0.0	0.0	0.0	0.0	0.0	0.0	0.0	0.0	0.0	0.0	0.0	0.0	0.0	0.0
11	0.17516811820220407	0.14006484877401604	0.0	0.0	0.0	0.0	0.0	0.0	0.0	0.27322901271624156	0.0	0.38744968014915393	0.35503332777462515	0.6224768543589395	0.7606330080562791	0.8499147908586383	0.1726087897779799	0.0	0.0	0.0	0.0	0.0	0.0	0.0	0.0	0.0	0.0	0.0	0.0	0.0	0.0	0.0	0.0	0.0	0.0	0.0	0.0	0.0	0.0	0.0	0.0	0.0
68	0.0	0.0	0.0	0.0	0.0	0.0	0.0	0.0	0.0	0.06843011389305023	0.38744968014915393	0.0	-0.05805839615046226	0.0	0.0	0.0	0.0	0.0	0.0	0.0	0.0	0.0	-0.05881617476459689	0.0	0.0	0.0	0.0	0.0	0.0	0.0	0.0	0.0	0.0	0.0	0.0	0.0	0.0	0.0	0.0	0.0	0.0	0.0
52	0.0	0.0	0.0	0.0	0.0	0.0	0.0	0.0	0.0	0.0	0.35503332777462515	-0.05805839615046226	0.0	0.02384453727760552	0.0	0.0	0.0	0.0	0.0	0.0	0.0	0.0	-0.024444212968677936	0.0	0.0	0.0	0.0	0.0	0.0	0.0	0.0	0.0	0.0	0.0	0.0	0.0	0.0	0.0	0.007895733275215991	0.1578636745674185	0.0	0.0
64	0.0	0.0	0.0	0.0	0.0	0.0	0.0	0.0	0.0	0.0	0.6224768543589395	0.0	0.02384453727760552	0.0	0.08171725913994671	0.0	0.0	0.0	0.0	0.0	0.0	0.0	0.0	0.0	0.0	0.0	0.0	0.0	0.0	0.0	0.0	0.0	0.0	0.0	0.0	0.0	0.0	0.0	0.0	-0.02562117516647385	0.0	0.05599045355078819
65	0.0	0.0	0.0	0.0	0.0	0.0	0.0	0.0	0.0	0.0	0.7606330080562791	0.0	0.0	0.08171725913994671	0.0	0.09048601955887112	0.0	0.0	0.0	-0.06514740483072745	0.0	0.0	0.0	0.0	0.0	0.0	0.0	0.0	0.0	0.0	0.0	0.0	0.0	0.0	0.0	0.0	0.0	0.0	0.0	0.0	0.0	-0.05212731804382042
21	0.0	0.0	0.0	0.0	0.0	0.0	0.0	0.0	0.0	0.0	0.8499147908586383	0.0	0.0	0.0	0.09048601955887112	0.0	0.0	0.0	0.0	0.11602482168964932	0.0	0.0	0.0	0.0	0.0	0.0	0.0	0.0	0.0	0.0	0.0	0.0	0.0	0.0	0.0	0.0	0.0	0.0	0.0	0.0	0.0	0.0
33	0.0	-0.024846105257799345	0.06715142798986821	0.0	0.0	0.0	0.0	0.0	0.0	0.0	0.1726087897779799	0.0	0.0	0.0	0.0	0.0	0.0	0.0	0.0	0.0	0.0	0.0	0.0	0.0	0.0	0.0	0.0	0.0	0.0	0.0	0.0	0.0	0.0	0.0	0.0	0.0	0.0	0.0	0.0	0.0	0.0	0.0
38	0.0	0.0	0.0	0.0	0.0	0.0	0.0	0.0	0.10495954050158926	0.05519398731012151	0.0	0.0	0.0	0.0	0.0	0.0	0.0	0.0	0.0	0.0	0.04480217945101363	0.0	0.0	0.0	0.0	0.0	0.0	0.0	0.0	0.0	0.0	0.0	0.0	0.0	0.0	0.0	0.0	0.0	0.0	0.0	0.0	0.0
40	0.0	0.0	0.0	0.0	0.0	0.0	0.023480635341971257	0.06306057374309974	0.0	0.0	0.0	0.0	0.0	0.0	0.0	0.0	0.0	0.0	0.0	0.0	0.0	0.0	0.0	0.0	0.0	0.0	-0.016702316164287676	0.0	0.0	0.0	0.0	0.0	0.0	0.0	0.0	0.0	0.0	0.0	0.0	0.0	0.0	0.0
75	0.0	0.0	0.0	0.0	0.0	0.0	0.0	0.0	0.0	0.0	0.0	0.0	0.0	0.0	-0.06514740483072745	0.11602482168964932	0.0	0.0	0.0	0.0	0.0	0.0	0.0	0.0	0.0	0.0	0.0	0.0	0.0	0.0	0.0	0.0	0.0	0.0	0.0	0.0	0.0	0.0	0.0	0.11910748133118645	0.0	-0.01123936959013648
53	0.0	0.0	0.0	0.0	0.0	0.0	0.0	0.0	0.0	0.020442937086873322	0.0	0.0	0.0	0.0	0.0	0.0	0.0	0.04480217945101363	0.0	0.0	0.0	-0.0189645671882724	0.0	0.0	0.0	0.0	0.0	0.0	0.0	0.0	0.0	0.0	0.0	0.0	0.0	0.0	0.0	0.0	0.0	0.0	0.0	0.0
54	0.0	0.0	0.0	0.0	0.0	0.0	0.0	0.0	0.0	-0.09411757777320834	0.0	0.0	0.0	0.0	0.0	0.0	0.0	0.0	0.0	0.0	-0.0189645671882724	0.0	0.14051423093129	0.0	0.0	0.0	0.0	0.0	0.0	0.0	0.0	0.0	0.0	0.0	0.0	0.0	0.0	0.0	0.0	0.0	0.0	0.0
77	0.0	0.0	0.0	0.0	0.0	0.0	0.0	0.0	0.0	0.08915830015205198	0.0	-0.05881617476459689	-0.024444212968677936	0.0	0.0	0.0	0.0	0.0	0.0	0.0	0.0	0.14051423093129	0.0	0.0	0.0	0.0	0.0	0.0	0.0	0.0	0.0	0.0	0.0	0.0	0.0	0.0	0.0	0.0	-0.024573055521443884	0.0	0.0	0.0
28	0.0	0.0	0.0	0.0	0.0	0.0	0.0	0.0	0.0	0.0	0.0	0.0	0.0	0.0	0.0	0.0	0.0	0.0	0.0	0.0	0.0	0.0	0.0	0.0	0.10546346655221878	0.19854925515325875	0.7661462040233339	0.0	0.0	0.0	0.0	0.0	0.0	0.0	0.0	0.0	0.0	0.0	0.0	0.0	0.0	0.0
57	0.0	0.0	0.0	0.0	0.0	0.0	0.0	0.0	0.0	0.0	0.0	0.0	0.0	0.0	0.0	0.0	0.0	0.0	0.0	0.0	0.0	0.0	0.0	0.10546346655221878	0.0	-0.04302129777599531	0.6288360856872763	0.0	0.0	0.0	0.0	0.0	0.0	0.0	0.0	0.12427294320661053	0.0	0.0	0.0	0.0	0.0679620635107594	0.0
58	0.0	0.0	0.0	0.0	0.0	0.0	0.0	0.0	0.0	0.0	0.0	0.0	0.0	0.0	0.0	0.0	0.0	0.0	0.0	0.0	0.0	0.0	0.0	0.19854925515325875	-0.04302129777599531	0.0	0.0	0.0	0.0	0.0	0.0	0.0	0.0	0.0	0.0	0.10316500766222092	0.0	0.0	0.0	0.0	0.0	0.0
56	0.0	0.0	0.0	0.0	0.0	0.0	-0.10590819947631624	0.0	0.0	0.0	0.0	0.0	0.0	0.0	0.0	0.0	0.0	0.0	-0.016702316164287676	0.0	0.0	0.0	0.0	0.7661462040233339	0.6288360856872763	0.0	0.0	0.0	0.0	0.0	-0.06530765460107303	0.0	0.0	0.0	0.0	0.0	0.0	0.5170581467021484	0.0	0.0	0.5969418036408771	0.0
30	0.0	0.0	0.0	0.0	0.12658092456223252	0.297630309598685	0.0	0.0	0.0	0.0	0.0	0.0	0.0	0.0	0.0	0.0	0.0	0.0	0.0	0.0	0.0	0.0	0.0	0.0	0.0	0.0	0.0	0.0	0.12170140587787055	0.06609055879549697	0.0	0.0	0.0	0.0	0.0	0.0	0.0	0.0	0.0	0.0	0.0	0.0
73	0.0	0.0	0.0	0.0	0.0	0.0	0.0	0.0	0.0	0.0	0.0	0.0	0.0	0.0	0.0	0.0	0.0	0.0	0.0	0.0	0.0	0.0	0.0	0.0	0.0	0.0	0.0	0.12170140587787055	0.0	-0.041635194813632655	0.0	-0.03338958483450202	0.0	0.0	0.09940916996366249	0.0	0.0	0.0	0.0	0.0	0.0	0.0
81	0.0	0.0	0.0	0.0	0.0	0.21382840367984837	0.0	0.0	0.0	0.0	0.0	0.0	0.0	0.0	0.0	0.0	0.0	0.0	0.0	0.0	0.0	0.0	0.0	0.0	0.0	0.0	0.0	0.06609055879549697	-0.041635194813632655	0.0	0.0	0.04377967312284578	0.0	0.0	0.0	0.0	0.0	0.0	0.0	0.0	0.0	0.0
55	0.0	0.0	0.0	0.0	0.0	-0.08949653086677156	0.011576453867148936	0.0	0.0	0.0	0.0	0.0	0.0	0.0	0.0	0.0	0.0	0.0	0.0	0.0	0.0	0.0	0.0	0.0	0.0	0.0	-0.06530765460107303	0.0	0.0	0.0	0.0	0.4805388827540531	0.0	0.0	0.0	0.0	0.0	0.5512486772757694	0.0	0.0	0.0	0.0
82	0.0	0.0	0.0	0.0	0.0	0.3455949456523413	0.0	0.0	0.0	0.0	0.0	0.0	0.0	0.0	0.0	0.0	0.0	0.0	0.0	0.0	0.0	0.0	0.0	0.0	0.0	0.0	0.0	0.0	-0.03338958483450202	0.04377967312284578	0.4805388827540531	0.0	0.0	0.04336376030079876	0.06352996873226632	0.0	0.0	0.3994474278277087	0.0	0.0	0.0	0.0
46	0.0	0.0	0.0	0.0	0.0	0.0	0.0	0.0	0.0	0.0	0.0	0.0	0.0	0.0	0.0	0.0	0.0	0.0	0.0	0.0	0.0	0.0	0.0	0.0	0.0	0.0	0.0	0.0	0.0	0.0	0.0	0.0	0.0	0.03353817739154548	0.1124548493645945	0.08996934814597597	0.06737116679298745	0.054591597333803366	0.0	0.0	0.0	0.0
71	0.0	0.0	0.0	0.0	0.0	0.0	0.0	0.0	0.0	0.0	0.0	0.0	0.0	0.0	0.0	0.0	0.0	0.0	0.0	0.0	0.0	0.0	0.0	0.0	0.0	0.0	0.0	0.0	0.0	0.0	0.0	0.04336376030079876	0.03353817739154548	0.0	0.03611435843991324	0.0	0.0	0.2574370115170241	0.0	0.0	0.0	0.0
72	0.0	0.0	0.0	0.0	0.0	0.0	0.0	0.0	0.0	0.0	0.0	0.0	0.0	0.0	0.0	0.0	0.0	0.0	0.0	0.0	0.0	0.0	0.0	0.0	0.0	0.0	0.0	0.0	0.09940916996366249	0.0	0.0	0.06352996873226632	0.1124548493645945	0.03611435843991324	0.0	0.0	0.0	0.0	0.0	0.0	0.0	0.0
59	0.0	0.0	0.0	0.0	0.0	0.0	0.0	0.0	0.0	0.0	0.0	0.0	0.0	0.0	0.0	0.0	0.0	0.0	0.0	0.0	0.0	0.0	0.0	0.0	0.12427294320661053	0.10316500766222092	0.0	0.0	0.0	0.0	0.0	0.0	0.08996934814597597	0.0	0.0	0.0	-0.06627465010312268	0.0	0.0	0.0	0.007182061845085394	0.0
79	0.0	0.0	0.0	0.0	0.0	0.0	0.0	0.0	0.0	0.0	0.0	0.0	0.0	0.0	0.0	0.0	0.0	0.0	0.0	0.0	0.0	0.0	0.0	0.0	0.0	0.0	0.0	0.0	0.0	0.0	0.0	0.0	0.06737116679298745	0.0	0.0	-0.06627465010312268	0.0	-0.02427877481126447	0.0	0.0	0.04174999012983514	0.0
80	0.0	0.0	0.0	0.0	0.0	0.0	0.0	0.0	0.0	0.0	0.0	0.0	0.0	0.0	0.0	0.0	0.0	0.0	0.0	0.0	0.0	0.0	0.0	0.0	0.0	0.0	0.5170581467021484	0.0	0.0	0.0	0.5512486772757694	0.3994474278277087	0.054591597333803366	0.2574370115170241	0.0	0.0	-0.02427877481126447	0.0	0.0	0.0	0.04754425713283347	0.0
78	0.0	0.0	0.0	0.0	0.0	0.0	0.0	0.0	0.0	0.0	0.0	0.0	0.007895733275215991	0.0	0.0	0.0	0.0	0.0	0.0	0.0	0.0	0.0	-0.024573055521443884	0.0	0.0	0.0	0.0	0.0	0.0	0.0	0.0	0.0	0.0	0.0	0.0	0.0	0.0	0.0	0.0	0.2071207012942205	0.0	0.0
63	0.0	0.0	0.0	0.0	0.0	0.0	0.0	0.0	0.0	0.0	0.0	0.0	0.1578636745674185	-0.02562117516647385	0.0	0.0	0.0	0.0	0.0	0.11910748133118645	0.0	0.0	0.0	0.0	0.0	0.0	0.0	0.0	0.0	0.0	0.0	0.0	0.0	0.0	0.0	0.0	0.0	0.0	0.2071207012942205	0.0	0.0	0.04426890738127606
70	0.0	0.0	0.0	0.0	0.0	0.0	0.0	0.0	0.0	0.0	0.0	0.0	0.0	0.0	0.0	0.0	0.0	0.0	0.0	0.0	0.0	0.0	0.0	0.0	0.0679620635107594	0.0	0.5969418036408771	0.0	0.0	0.0	0.0	0.0	0.0	0.0	0.0	0.007182061845085394	0.04174999012983514	0.04754425713283347	0.0	0.0	0.0	0.0
76	0.0	0.0	0.0	0.0	0.0	0.0	0.0	0.0	0.0	0.0	0.0	0.0	0.0	0.05599045355078819	-0.05212731804382042	0.0	0.0	0.0	0.0	-0.01123936959013648	0.0	0.0	0.0	0.0	0.0	0.0	0.0	0.0	0.0	0.0	0.0	0.0	0.0	0.0	0.0	0.0	0.0	0.0	0.0	0.04426890738127606	0.0	0.0
