	10	51	52	31	49	50	30	42	43	44	16	22	12	53	62	40	58	59	13	33	73	64	28	56	77	78	66	83	84	82	75	76	57	63	80	48	69	79	54	71	72	74	68
10	0.0	-0.02910505724668702	-0.09124810206742733	-0.02577165013414942	-0.04058740395016879	-0.03208011108795358	0.10457106858346837	0.2958189746740824	0.5232776161866615	0.661171470658005	0.724478832590134	0.851612600271951	0.17516811820220407	0.0	0.0	0.0	0.0	0.0	0.0	0.0	0.0	0.0	0.0	0.0	0.0	0.0	0.0	0.0	0.0	0.0	0.0	0.0	0.0	0.0	0.0	0.0	0.0	0.0	0.0	0.0	0.0	0.0	0.0
51	-0.02910505724668702	0.0	-0.01809110420639312	0.0	0.0	0.0	0.0	0.0	0.0	0.0	0.0	0.0	0.14479628544361003	0.0	0.0	0.0	0.0	0.0	0.0	-0.03524209583950866	0.0	0.0	0.0	0.0	0.0	0.0	0.0	0.0	0.0	0.0	0.0	0.0	0.0	0.0	0.0	0.0	0.0	0.0	0.0	0.0	0.0	0.0	0.0
52	-0.09124810206742733	-0.01809110420639312	0.0	0.02571556594736832	0.0	0.0	0.0	0.0	0.0	0.0	0.0	0.0	0.0	0.0	0.0	0.0	0.0	0.0	0.0	-0.021698046952405528	0.0	0.0	0.0	0.0	0.0	0.0	0.0	0.0	0.0	0.0	0.0	0.0	0.0	0.0	0.0	0.0	0.0	0.0	0.0	0.0	0.0	0.0	0.0
31	-0.02577165013414942	0.0	0.02571556594736832	0.0	0.03159453975143971	0.0	0.0	0.0	0.0	0.0	0.0	0.0	0.0	0.0	0.0	0.0	0.0	0.0	0.0	0.06715142798986821	0.0	0.0	0.0	0.0	0.0	0.0	0.0	0.0	0.0	0.0	0.0	0.0	0.0	0.0	0.0	0.0	0.0	0.0	0.0	0.0	0.0	0.0	0.0
49	-0.04058740395016879	0.0	0.0	0.03159453975143971	0.0	-0.019959205311037703	0.0	0.0	0.0	0.0	0.0	0.0	0.0	0.0	0.0	0.0	0.0	0.0	0.0	0.0	0.0	0.0	0.0	0.0	0.0	0.0	0.0	0.0	0.0	0.0	0.0	0.0	0.0	0.0	0.0	0.0	0.0	0.0	0.0	0.0	0.0	0.0	0.0
50	-0.03208011108795358	0.0	0.0	0.0	-0.019959205311037703	0.0	0.12658092456223252	0.0	0.0	0.0	0.0	0.0	0.0	0.0	0.0	0.0	0.0	0.0	0.0	0.0	0.0	0.0	0.0	0.0	0.0	0.0	0.0	0.0	0.0	0.0	0.0	0.0	0.0	0.0	0.0	0.0	0.0	0.0	0.0	0.0	0.0	0.0	0.0
30	0.10457106858346837	0.0	0.0	0.0	0.0	0.12658092456223252	0.0	0.297630309598685	0.0	0.0	0.0	0.0	0.0	0.0	0.0	0.0	0.0	0.0	0.0	0.0	0.0	0.0	0.0	0.0	0.0	0.0	0.0	0.16964773814665235	0.11338954277361356	0.080320057538425	0.0	0.0	0.0	0.0	0.0	0.0	0.0	0.0	0.0	0.0	0.0	0.0	0.0
42	0.2958189746740824	0.0	0.0	0.0	0.0	0.0	0.297630309598685	0.0	0.0057405578640616906	0.0	0.0	0.0	0.0	0.0	0.0	0.0	0.0	0.0	0.0	0.0	0.0	0.0	0.0	0.0	0.0	0.0	0.0	0.0	0.0	0.2609821796802222	0.0	0.0	0.0	-0.08949653086677156	0.5493256174898276	0.0	0.0	0.0	0.0	0.0	0.0	0.0	0.0
43	0.5232776161866615	0.0	0.0	0.0	0.0	0.0	0.0	0.0057405578640616906	0.0	0.023480635341971257	0.0	0.0	0.0	0.0	0.0	0.0	0.0	0.0	0.0	0.0	0.0	-0.10590819947631624	0.0	0.0	0.0	0.0	0.0	0.0	0.0	0.0	0.0	0.0	0.0	0.011576453867148936	0.0	0.0	0.0	0.0	0.0	0.0	0.0	0.0	0.0
44	0.661171470658005	0.0	0.0	0.0	0.0	0.0	0.0	0.0	0.023480635341971257	0.0	0.06306057374309974	0.0	0.0	0.0	0.0	0.0	0.0	0.0	0.0	0.0	0.0	-0.016702316164287676	0.0	0.0	0.0	0.0	0.0	0.0	0.0	0.0	0.0	0.0	0.0	0.0	0.0	0.0	0.0	0.0	0.0	0.0	0.0	0.0	0.0
16	0.724478832590134	0.0	0.0	0.0	0.0	0.0	0.0	0.0	0.0	0.06306057374309974	0.0	0.14790610852913794	0.0	0.0	0.0	0.0	0.0	0.0	0.0	0.0	0.0	0.19642515823130602	1.0704271537170964	0.0	0.0	0.0	0.0	0.0	0.0	0.0	0.0	0.0	0.0	0.0	0.0	0.0	0.0	0.0	0.0	0.0	0.0	0.0	0.0
22	0.851612600271951	0.0	0.0	0.0	0.0	0.0	0.0	0.0	0.0	0.0	0.14790610852913794	0.0	0.49212066519512776	0.2693725413309502	0.0	0.0	0.0	0.0	0.0	0.0	0.0	0.0	0.0	0.10495954050158926	0.0	0.0	0.0	0.0	0.0	0.0	0.0	0.0	0.0	0.0	0.0	0.0	0.0	0.0	0.0	0.0	0.0	0.0	0.0
12	0.17516811820220407	0.14479628544361003	0.0	0.0	0.0	0.0	0.0	0.0	0.0	0.0	0.0	0.49212066519512776	0.0	0.28314084495489567	0.38744968014915393	0.35503332777462515	0.6224768543589395	0.7606330080562791	0.8499147908586383	0.1726087897779799	0.0	0.0	0.0	0.0	0.0	0.0	0.0	0.0	0.0	0.0	0.0	0.0	0.0	0.0	0.0	0.0	0.0	0.0	0.0	0.0	0.0	0.0	0.0
53	0.0	0.0	0.0	0.0	0.0	0.0	0.0	0.0	0.0	0.0	0.0	0.2693725413309502	0.28314084495489567	0.0	0.07628708744022739	0.0	0.0	0.0	0.0	0.0	0.0	0.0	0.0	0.08749990903482784	0.0	0.0	0.0	0.0	0.0	0.0	0.0	0.0	0.0	0.0	0.0	0.0	0.0	0.0	-0.12059702066428583	0.0	0.0	0.0	0.0
62	0.0	0.0	0.0	0.0	0.0	0.0	0.0	0.0	0.0	0.0	0.0	0.0	0.38744968014915393	0.07628708744022739	0.0	-0.05805839615046226	0.0	0.0	0.0	0.0	0.0	0.0	0.0	0.0	0.0	0.0	0.0	0.0	0.0	0.0	-0.05881617476459689	0.0	0.0	0.0	0.0	0.0	0.0	0.0	0.026613964497959747	0.18815889290624127	0.11621837172544965	0.0	0.0
40	0.0	0.0	0.0	0.0	0.0	0.0	0.0	0.0	0.0	0.0	0.0	0.0	0.35503332777462515	0.0	-0.05805839615046226	0.0	0.02384453727760552	0.0	0.0	0.0	0.0	0.0	0.0	0.0	0.0	0.0	0.0	0.0	0.0	0.0	-0.024444212968677936	0.007895733275215991	0.1578636745674185	0.0	0.0	0.0	0.0	0.0	0.0	0.0	0.0	0.0	0.0
58	0.0	0.0	0.0	0.0	0.0	0.0	0.0	0.0	0.0	0.0	0.0	0.0	0.6224768543589395	0.0	0.0	0.02384453727760552	0.0	0.08171725913994671	0.0	0.0	0.0	0.0	0.0	0.0	0.0	0.0	0.0	0.0	0.0	0.0	0.0	0.0	-0.02562117516647385	0.0	0.0	0.0	0.0	0.0	0.0	0.0	0.0	0.05599045355078819	0.0
59	0.0	0.0	0.0	0.0	0.0	0.0	0.0	0.0	0.0	0.0	0.0	0.0	0.7606330080562791	0.0	0.0	0.0	0.08171725913994671	0.0	0.09048601955887112	0.0	-0.06514740483072745	0.0	0.0	0.0	0.0	0.0	0.0	0.0	0.0	0.0	0.0	0.0	0.0	0.0	0.0	0.0	0.0	0.0	0.0	0.0	0.0	-0.05212731804382042	0.0
13	0.0	0.0	0.0	0.0	0.0	0.0	0.0	0.0	0.0	0.0	0.0	0.0	0.8499147908586383	0.0	0.0	0.0	0.0	0.09048601955887112	0.0	0.0	0.11602482168964932	0.0	0.0	0.0	0.0	0.0	0.0	0.0	0.0	0.0	0.0	0.0	0.0	0.0	0.0	0.0	0.0	0.0	0.0	0.0	0.0	0.0	0.0
33	0.0	-0.03524209583950866	-0.021698046952405528	0.06715142798986821	0.0	0.0	0.0	0.0	0.0	0.0	0.0	0.0	0.1726087897779799	0.0	0.0	0.0	0.0	0.0	0.0	0.0	0.0	0.0	0.0	0.0	0.0	0.0	0.0	0.0	0.0	0.0	0.0	0.0	0.0	0.0	0.0	0.0	0.0	0.0	0.0	0.0	0.0	0.0	0.0
73	0.0	0.0	0.0	0.0	0.0	0.0	0.0	0.0	0.0	0.0	0.0	0.0	0.0	0.0	0.0	0.0	0.0	-0.06514740483072745	0.11602482168964932	0.0	0.0	0.0	0.0	0.0	0.0	0.0	0.0	0.0	0.0	0.0	0.0	0.0	0.11910748133118645	0.0	0.0	0.0	0.0	0.0	0.0	0.0	0.0	-0.01123936959013648	0.0
64	0.0	0.0	0.0	0.0	0.0	0.0	0.0	0.0	-0.10590819947631624	-0.016702316164287676	0.19642515823130602	0.0	0.0	0.0	0.0	0.0	0.0	0.0	0.0	0.0	0.0	0.0	0.7661462040233339	0.0	0.5706350122429873	0.0	0.0	0.0	0.0	0.0	0.0	0.0	0.0	-0.06530765460107303	0.5570327511106162	0.0	0.0	0.0	0.0	0.0	0.0	0.0	0.5969418036408771
28	0.0	0.0	0.0	0.0	0.0	0.0	0.0	0.0	0.0	0.0	1.0704271537170964	0.0	0.0	0.0	0.0	0.0	0.0	0.0	0.0	0.0	0.0	0.7661462040233339	0.0	0.0	0.13866525173574534	0.10352617505416414	0.19854925515325875	0.0	0.0	0.0	0.0	0.0	0.0	0.0	0.0	0.0	0.0	0.0	0.0	0.0	0.0	0.0	0.0
56	0.0	0.0	0.0	0.0	0.0	0.0	0.0	0.0	0.0	0.0	0.0	0.10495954050158926	0.0	0.08749990903482784	0.0	0.0	0.0	0.0	0.0	0.0	0.0	0.0	0.0	0.0	0.0	0.0	0.0	0.0	0.0	0.0	0.0	0.0	0.0	0.0	0.0	0.0	0.0	0.0	0.019683068553082328	0.04480217945101363	0.0	0.0	0.0
77	0.0	0.0	0.0	0.0	0.0	0.0	0.0	0.0	0.0	0.0	0.0	0.0	0.0	0.0	0.0	0.0	0.0	0.0	0.0	0.0	0.0	0.5706350122429873	0.13866525173574534	0.0	0.0	-0.05124726280527243	-0.05398035689300776	0.0	0.0	0.0	0.0	0.0	0.0	0.0	0.0	0.0	0.0	0.0	0.0	0.0	0.0	0.0	0.030424262007614847
78	0.0	0.0	0.0	0.0	0.0	0.0	0.0	0.0	0.0	0.0	0.0	0.0	0.0	0.0	0.0	0.0	0.0	0.0	0.0	0.0	0.0	0.0	0.10352617505416414	0.0	-0.05124726280527243	0.0	-0.05140803123526301	0.0	0.0	0.0	0.0	0.0	0.0	0.0	0.0	0.0	0.0	0.0	0.0	0.0	0.0	0.0	0.0
66	0.0	0.0	0.0	0.0	0.0	0.0	0.0	0.0	0.0	0.0	0.0	0.0	0.0	0.0	0.0	0.0	0.0	0.0	0.0	0.0	0.0	0.0	0.19854925515325875	0.0	-0.05398035689300776	-0.05140803123526301	0.0	0.0	0.0	0.0	0.0	0.0	0.0	0.0	0.0	0.0	0.0	0.10316500766222092	0.0	0.0	0.0	0.0	0.11410479250037128
83	0.0	0.0	0.0	0.0	0.0	0.0	0.16964773814665235	0.0	0.0	0.0	0.0	0.0	0.0	0.0	0.0	0.0	0.0	0.0	0.0	0.0	0.0	0.0	0.0	0.0	0.0	0.0	0.0	0.0	-0.05610214486818538	-0.04419324559223983	0.0	0.0	0.0	0.0	0.0	0.0	0.0926414840608228	0.0	0.0	0.0	0.0	0.0	0.0
84	0.0	0.0	0.0	0.0	0.0	0.0	0.11338954277361356	0.0	0.0	0.0	0.0	0.0	0.0	0.0	0.0	0.0	0.0	0.0	0.0	0.0	0.0	0.0	0.0	0.0	0.0	0.0	0.0	-0.05610214486818538	0.0	-0.028488121817669514	0.0	0.0	0.0	0.0	0.0	0.0	0.0	0.0	0.0	0.0	0.0	0.0	0.0
82	0.0	0.0	0.0	0.0	0.0	0.0	0.080320057538425	0.2609821796802222	0.0	0.0	0.0	0.0	0.0	0.0	0.0	0.0	0.0	0.0	0.0	0.0	0.0	0.0	0.0	0.0	0.0	0.0	0.0	-0.04419324559223983	-0.028488121817669514	0.0	0.0	0.0	0.0	0.0	0.4020232035311647	0.15223422907293616	0.04035490440848248	0.0	0.0	0.0	0.0	0.0	0.0
75	0.0	0.0	0.0	0.0	0.0	0.0	0.0	0.0	0.0	0.0	0.0	0.0	0.0	0.0	-0.05881617476459689	-0.024444212968677936	0.0	0.0	0.0	0.0	0.0	0.0	0.0	0.0	0.0	0.0	0.0	0.0	0.0	0.0	0.0	-0.024573055521443884	0.0	0.0	0.0	0.0	0.0	0.0	0.0	0.0	0.0	0.0	0.0
76	0.0	0.0	0.0	0.0	0.0	0.0	0.0	0.0	0.0	0.0	0.0	0.0	0.0	0.0	0.0	0.007895733275215991	0.0	0.0	0.0	0.0	0.0	0.0	0.0	0.0	0.0	0.0	0.0	0.0	0.0	0.0	-0.024573055521443884	0.0	0.2071207012942205	0.0	0.0	0.0	0.0	0.0	0.0	0.0	0.0	0.0	0.0
57	0.0	0.0	0.0	0.0	0.0	0.0	0.0	0.0	0.0	0.0	0.0	0.0	0.0	0.0	0.0	0.1578636745674185	-0.02562117516647385	0.0	0.0	0.0	0.11910748133118645	0.0	0.0	0.0	0.0	0.0	0.0	0.0	0.0	0.0	0.0	0.2071207012942205	0.0	0.0	0.0	0.0	0.0	0.0	0.0	0.0	0.0	0.04426890738127606	0.0
63	0.0	0.0	0.0	0.0	0.0	0.0	0.0	-0.08949653086677156	0.011576453867148936	0.0	0.0	0.0	0.0	0.0	0.0	0.0	0.0	0.0	0.0	0.0	0.0	-0.06530765460107303	0.0	0.0	0.0	0.0	0.0	0.0	0.0	0.0	0.0	0.0	0.0	0.0	0.5751120238955892	0.0	0.0	0.0	0.0	0.0	0.0	0.0	0.0
80	0.0	0.0	0.0	0.0	0.0	0.0	0.0	0.5493256174898276	0.0	0.0	0.0	0.0	0.0	0.0	0.0	0.0	0.0	0.0	0.0	0.0	0.0	0.5570327511106162	0.0	0.0	0.0	0.0	0.0	0.0	0.0	0.4020232035311647	0.0	0.0	0.0	0.5751120238955892	0.0	0.07891829406407143	0.0	-0.05219076258592448	0.0	0.0	0.0	0.0	0.045055029056129584
48	0.0	0.0	0.0	0.0	0.0	0.0	0.0	0.0	0.0	0.0	0.0	0.0	0.0	0.0	0.0	0.0	0.0	0.0	0.0	0.0	0.0	0.0	0.0	0.0	0.0	0.0	0.0	0.0	0.0	0.15223422907293616	0.0	0.0	0.0	0.0	0.07891829406407143	0.0	0.0496501255952098	0.08996934814597597	0.0	0.0	0.0	0.0	0.0
69	0.0	0.0	0.0	0.0	0.0	0.0	0.0	0.0	0.0	0.0	0.0	0.0	0.0	0.0	0.0	0.0	0.0	0.0	0.0	0.0	0.0	0.0	0.0	0.0	0.0	0.0	0.0	0.0926414840608228	0.0	0.04035490440848248	0.0	0.0	0.0	0.0	0.0	0.0496501255952098	0.0	0.0	0.0	0.0	0.0	0.0	0.0
79	0.0	0.0	0.0	0.0	0.0	0.0	0.0	0.0	0.0	0.0	0.0	0.0	0.0	0.0	0.0	0.0	0.0	0.0	0.0	0.0	0.0	0.0	0.0	0.0	0.0	0.0	0.10316500766222092	0.0	0.0	0.0	0.0	0.0	0.0	0.0	-0.05219076258592448	0.08996934814597597	0.0	0.0	0.0	0.0	0.0	0.0	0.007182061845085394
54	0.0	0.0	0.0	0.0	0.0	0.0	0.0	0.0	0.0	0.0	0.0	0.0	0.0	-0.12059702066428583	0.026613964497959747	0.0	0.0	0.0	0.0	0.0	0.0	0.0	0.0	0.019683068553082328	0.0	0.0	0.0	0.0	0.0	0.0	0.0	0.0	0.0	0.0	0.0	0.0	0.0	0.0	0.0	-0.04595536462326788	-0.15576284061496543	0.0	0.0
71	0.0	0.0	0.0	0.0	0.0	0.0	0.0	0.0	0.0	0.0	0.0	0.0	0.0	0.0	0.18815889290624127	0.0	0.0	0.0	0.0	0.0	0.0	0.0	0.0	0.04480217945101363	0.0	0.0	0.0	0.0	0.0	0.0	0.0	0.0	0.0	0.0	0.0	0.0	0.0	0.0	-0.04595536462326788	0.0	-0.0189645671882724	0.0	0.0
72	0.0	0.0	0.0	0.0	0.0	0.0	0.0	0.0	0.0	0.0	0.0	0.0	0.0	0.0	0.11621837172544965	0.0	0.0	0.0	0.0	0.0	0.0	0.0	0.0	0.0	0.0	0.0	0.0	0.0	0.0	0.0	0.0	0.0	0.0	0.0	0.0	0.0	0.0	0.0	-0.15576284061496543	-0.0189645671882724	0.0	0.0	0.0
74	0.0	0.0	0.0	0.0	0.0	0.0	0.0	0.0	0.0	0.0	0.0	0.0	0.0	0.0	0.0	0.0	0.05599045355078819	-0.05212731804382042	0.0	0.0	-0.01123936959013648	0.0	0.0	0.0	0.0	0.0	0.0	0.0	0.0	0.0	0.0	0.0	0.04426890738127606	0.0	0.0	0.0	0.0	0.0	0.0	0.0	0.0	0.0	0.0
68	0.0	0.0	0.0	0.0	0.0	0.0	0.0	0.0	0.0	0.0	0.0	0.0	0.0	0.0	0.0	0.0	0.0	0.0	0.0	0.0	0.0	0.5969418036408771	0.0	0.0	0.030424262007614847	0.0	0.11410479250037128	0.0	0.0	0.0	0.0	0.0	0.0	0.0	0.045055029056129584	0.0	0.0	0.007182061845085394	0.0	0.0	0.0	0.0	0.0
