	11	58	23	43	44	15	17	14	37	40	41	59	60	22	48	45	46	20	63	49	50	62	72	66	67	34	53	51	38	57	39	61	64	71	69	70	74	73
11	0.0	0.35503332777462515	0.8499147908586383	0.1726087897779799	0.14006484877401604	0.17516811820220407	0.5375320602670316	0.49212066519512776	0.28314084495489567	0.0	0.0	0.0	0.0	0.0	0.0	0.0	0.0	0.0	0.0	0.0	0.0	0.0	0.0	0.0	0.0	0.0	0.0	0.0	0.0	0.0	0.0	0.0	0.0	0.0	0.0	0.0	0.0	0.0
58	0.35503332777462515	0.0	0.5834975631458741	0.0	0.0	0.0	0.0	0.0	0.1171998506512246	0.0	0.0	0.0	0.0	0.0	0.0	0.0	0.0	0.0	0.0	0.0	0.0	0.0	0.0	0.0	0.3625829612577727	0.0	0.0	0.0	0.0	-0.038090228774220226	0.0	0.0	0.0	0.0	0.0	0.02384453727760552	0.0	0.0
23	0.8499147908586383	0.5834975631458741	0.0	0.0	0.0	0.0	0.0	0.0	0.0	0.0	0.0	0.0	0.0	0.0	0.0	0.0	0.0	0.0	0.0	0.0	0.0	0.0	0.0	0.0	0.09048601955887112	0.0	0.0	0.0	0.0	0.0	0.0	0.0	0.0	0.0	0.0	0.0	0.0	0.0
43	0.1726087897779799	0.0	0.0	0.0	-0.024846105257799345	0.0	0.0	0.0	0.0	0.0	0.06715142798986821	0.0	0.0	0.0	0.0	0.0	0.0	0.0	0.0	0.0	0.0	0.0	0.0	0.0	0.0	0.0	0.0	0.0	0.0	0.0	0.0	0.0	0.0	0.0	0.0	0.0	0.0	0.0
44	0.14006484877401604	0.0	0.0	-0.024846105257799345	0.0	-0.08020806108861495	0.0	0.0	0.0	0.0	0.03197168823450916	0.0	0.0	0.0	0.0	0.0	0.0	0.0	0.0	0.0	0.0	0.0	0.0	0.0	0.0	0.0	0.0	0.0	0.0	0.0	0.0	0.0	0.0	0.0	0.0	0.0	0.0	0.0
15	0.17516811820220407	0.0	0.0	0.0	-0.08020806108861495	0.0	0.724478832590134	0.0	0.0	0.0	-0.02577165013414942	-0.04058740395016879	-0.03208011108795358	0.10457106858346837	0.2958189746740824	0.5232776161866615	0.0	0.0	0.0	0.0	0.0	0.0	0.0	0.0	0.0	0.0	0.0	0.0	0.0	0.0	0.0	0.0	0.0	0.0	0.0	0.0	0.0	0.0
17	0.5375320602670316	0.0	0.0	0.0	0.0	0.724478832590134	0.0	0.14790610852913794	0.0	0.0	0.0	0.0	0.0	0.0	0.0	0.1615888790330917	0.06306057374309974	0.0	0.0	0.0	0.0	0.0	0.0	0.0	0.0	0.0	0.0	0.0	0.0	0.0	0.0	0.0	0.0	0.0	0.0	0.0	0.0	0.0
14	0.49212066519512776	0.0	0.0	0.0	0.0	0.0	0.14790610852913794	0.0	0.2693725413309502	0.10495954050158926	0.0	0.0	0.0	0.0	0.0	0.0	0.0	0.0	0.0	0.0	0.0	0.0	0.0	0.0	0.0	0.0	0.0	0.0	0.0	0.0	0.0	0.0	0.0	0.0	0.0	0.0	0.0	0.0
37	0.28314084495489567	0.1171998506512246	0.0	0.0	0.0	0.0	0.0	0.2693725413309502	0.0	0.08749990903482784	0.0	0.0	0.0	0.0	0.0	0.0	0.0	0.0	0.0	0.0	0.0	0.0	0.0	0.0	0.0	0.0	0.0	0.0	-0.12059702066428583	0.0989646204516178	0.0	0.0	0.0	0.0	0.0	0.0	0.0	0.0
40	0.0	0.0	0.0	0.0	0.0	0.0	0.0	0.10495954050158926	0.08749990903482784	0.0	0.0	0.0	0.0	0.0	0.0	0.0	0.0	0.0	0.0	0.0	0.0	0.0	0.0	0.0	0.0	0.0	0.0	0.0	0.019683068553082328	0.0	0.04968548675713676	0.0	0.0	0.0	0.0	0.0	0.0	0.0
41	0.0	0.0	0.0	0.06715142798986821	0.03197168823450916	-0.02577165013414942	0.0	0.0	0.0	0.0	0.0	0.03159453975143971	0.0	0.0	0.0	0.0	0.0	0.0	0.0	0.0	0.0	0.0	0.0	0.0	0.0	0.0	0.0	0.0	0.0	0.0	0.0	0.0	0.0	0.0	0.0	0.0	0.0	0.0
59	0.0	0.0	0.0	0.0	0.0	-0.04058740395016879	0.0	0.0	0.0	0.0	0.03159453975143971	0.0	-0.019959205311037703	0.0	0.0	0.0	0.0	0.0	0.0	0.0	0.0	0.0	0.0	0.0	0.0	0.0	0.0	0.0	0.0	0.0	0.0	0.0	0.0	0.0	0.0	0.0	0.0	0.0
60	0.0	0.0	0.0	0.0	0.0	-0.03208011108795358	0.0	0.0	0.0	0.0	0.0	-0.019959205311037703	0.0	0.12658092456223252	0.0	0.0	0.0	0.0	0.0	0.0	0.0	0.0	0.0	0.0	0.0	0.0	0.0	0.0	0.0	0.0	0.0	0.0	0.0	0.0	0.0	0.0	0.0	0.0
22	0.0	0.0	0.0	0.0	0.0	0.10457106858346837	0.0	0.0	0.0	0.0	0.0	0.0	0.12658092456223252	0.0	0.297630309598685	0.0	0.0	0.0	0.0	0.0	0.0	0.0	0.11338954277361356	0.080320057538425	0.0	0.0	0.0	0.0	0.0	0.0	0.0	0.0	0.0	0.0	0.0	0.0	0.0	0.0
48	0.0	0.0	0.0	0.0	0.0	0.2958189746740824	0.0	0.0	0.0	0.0	0.0	0.0	0.0	0.297630309598685	0.0	0.0057405578640616906	0.0	0.0	0.0	0.0	0.0	0.0	0.0	0.2609821796802222	0.0	0.0	0.0	0.0	0.0	0.0	0.0	-0.08949653086677156	0.0	0.0	0.0	0.0	0.0	0.0
45	0.0	0.0	0.0	0.0	0.0	0.5232776161866615	0.1615888790330917	0.0	0.0	0.0	0.0	0.0	0.0	0.0	0.0057405578640616906	0.0	0.023480635341971257	0.0	0.0	0.0	0.0	-0.10590819947631624	0.0	0.0	0.0	0.0	0.0	0.0	0.0	0.0	0.0	0.011576453867148936	0.0	0.0	0.0	0.0	0.0	0.0
46	0.0	0.0	0.0	0.0	0.0	0.0	0.06306057374309974	0.0	0.0	0.0	0.0	0.0	0.0	0.0	0.0	0.023480635341971257	0.0	0.936690497774706	0.0	0.0	0.0	-0.016702316164287676	0.0	0.0	0.0	0.0	0.0	0.0	0.0	0.0	0.0	0.0	0.0	0.0	0.0	0.0	0.0	0.0
20	0.0	0.0	0.0	0.0	0.0	0.0	0.0	0.0	0.0	0.0	0.0	0.0	0.0	0.0	0.0	0.0	0.936690497774706	0.0	0.4616222017758781	0.10546346655221878	0.19854925515325875	0.7661462040233339	0.0	0.0	0.0	0.0	0.0	0.0	0.0	0.0	0.0	0.0	0.0	0.0	0.0	0.0	0.0	0.0
63	0.0	0.0	0.0	0.0	0.0	0.0	0.0	0.0	0.0	0.0	0.0	0.0	0.0	0.0	0.0	0.0	0.0	0.4616222017758781	0.0	0.16297163291336653	0.0	0.5570327511106162	0.0	0.4020232035311647	0.0	0.07891829406407143	0.28730244447649117	-0.05219076258592448	0.0	0.0	0.0	0.0	0.045055029056129584	0.0	0.0	0.0	0.0	0.0
49	0.0	0.0	0.0	0.0	0.0	0.0	0.0	0.0	0.0	0.0	0.0	0.0	0.0	0.0	0.0	0.0	0.0	0.10546346655221878	0.16297163291336653	0.0	-0.04302129777599531	0.0	0.0	0.0	0.0	0.0	0.0	0.12427294320661053	0.0	0.0	0.0	0.0	0.0679620635107594	0.0	0.0	0.0	0.0	0.0
50	0.0	0.0	0.0	0.0	0.0	0.0	0.0	0.0	0.0	0.0	0.0	0.0	0.0	0.0	0.0	0.0	0.0	0.19854925515325875	0.0	-0.04302129777599531	0.0	0.0	0.0	0.0	0.0	0.0	0.0	0.10316500766222092	0.0	0.0	0.0	0.0	0.0	0.0	0.0	0.0	0.0	0.0
62	0.0	0.0	0.0	0.0	0.0	0.0	0.0	0.0	0.0	0.0	0.0	0.0	0.0	0.0	0.0	-0.10590819947631624	-0.016702316164287676	0.7661462040233339	0.5570327511106162	0.0	0.0	0.0	0.0	0.5080577395973503	0.0	0.0	0.0	0.0	0.0	0.0	0.0	-0.06530765460107303	0.0	0.0	0.0	0.0	0.0	0.0
72	0.0	0.0	0.0	0.0	0.0	0.0	0.0	0.0	0.0	0.0	0.0	0.0	0.0	0.11338954277361356	0.0	0.0	0.0	0.0	0.0	0.0	0.0	0.0	0.0	-0.028488121817669514	0.0	0.0	0.0	0.0	0.0	0.0	0.0	0.0	0.0	-0.05610214486818538	0.0	0.0	0.0	0.0
66	0.0	0.0	0.0	0.0	0.0	0.0	0.0	0.0	0.0	0.0	0.0	0.0	0.0	0.080320057538425	0.2609821796802222	0.0	0.0	0.0	0.4020232035311647	0.0	0.0	0.5080577395973503	-0.028488121817669514	0.0	0.0	0.0	0.04035490440848248	0.0	0.0	0.0	0.0	0.4705769848853181	0.0	-0.04419324559223983	0.0	0.0	0.0	0.0
67	0.0	0.3625829612577727	0.09048601955887112	0.0	0.0	0.0	0.0	0.0	0.0	0.0	0.0	0.0	0.0	0.0	0.0	0.0	0.0	0.0	0.0	0.0	0.0	0.0	0.0	0.0	0.0	0.0	0.0	0.0	0.0	0.0	0.0	0.0	0.0	0.0	0.0	0.08171725913994671	-0.05212731804382042	-0.06514740483072745
34	0.0	0.0	0.0	0.0	0.0	0.0	0.0	0.0	0.0	0.0	0.0	0.0	0.0	0.0	0.0	0.0	0.0	0.0	0.07891829406407143	0.0	0.0	0.0	0.0	0.0	0.0	0.0	0.0496501255952098	0.08996934814597597	0.0	0.0	0.0	0.0	0.0	0.0	0.0	0.0	0.0	0.0
53	0.0	0.0	0.0	0.0	0.0	0.0	0.0	0.0	0.0	0.0	0.0	0.0	0.0	0.0	0.0	0.0	0.0	0.0	0.28730244447649117	0.0	0.0	0.0	0.0	0.04035490440848248	0.0	0.0496501255952098	0.0	0.0	0.0	0.0	0.0	0.0	0.0	0.0926414840608228	0.0	0.0	0.0	0.0
51	0.0	0.0	0.0	0.0	0.0	0.0	0.0	0.0	0.0	0.0	0.0	0.0	0.0	0.0	0.0	0.0	0.0	0.0	-0.05219076258592448	0.12427294320661053	0.10316500766222092	0.0	0.0	0.0	0.0	0.08996934814597597	0.0	0.0	0.0	0.0	0.0	0.0	0.007182061845085394	0.0	0.0	0.0	0.0	0.0
38	0.0	0.0	0.0	0.0	0.0	0.0	0.0	0.0	-0.12059702066428583	0.019683068553082328	0.0	0.0	0.0	0.0	0.0	0.0	0.0	0.0	0.0	0.0	0.0	0.0	0.0	0.0	0.0	0.0	0.0	0.0	0.0	0.07523206248231543	-0.1249926981590766	0.0	0.0	0.0	0.0	0.0	0.0	0.0
57	0.0	-0.038090228774220226	0.0	0.0	0.0	0.0	0.0	0.0	0.0989646204516178	0.0	0.0	0.0	0.0	0.0	0.0	0.0	0.0	0.0	0.0	0.0	0.0	0.0	0.0	0.0	0.0	0.0	0.0	0.0	0.07523206248231543	0.0	0.0	0.0	0.0	0.0	0.20447665488946495	0.1651736061040462	0.0	0.0
39	0.0	0.0	0.0	0.0	0.0	0.0	0.0	0.0	0.0	0.04968548675713676	0.0	0.0	0.0	0.0	0.0	0.0	0.0	0.0	0.0	0.0	0.0	0.0	0.0	0.0	0.0	0.0	0.0	0.0	-0.1249926981590766	0.0	0.0	0.0	0.0	0.0	0.0	0.0	0.0	0.0
61	0.0	0.0	0.0	0.0	0.0	0.0	0.0	0.0	0.0	0.0	0.0	0.0	0.0	0.0	-0.08949653086677156	0.011576453867148936	0.0	0.0	0.0	0.0	0.0	-0.06530765460107303	0.0	0.4705769848853181	0.0	0.0	0.0	0.0	0.0	0.0	0.0	0.0	0.0	0.0	0.0	0.0	0.0	0.0
64	0.0	0.0	0.0	0.0	0.0	0.0	0.0	0.0	0.0	0.0	0.0	0.0	0.0	0.0	0.0	0.0	0.0	0.0	0.045055029056129584	0.0679620635107594	0.0	0.0	0.0	0.0	0.0	0.0	0.0	0.007182061845085394	0.0	0.0	0.0	0.0	0.0	0.0	0.0	0.0	0.0	0.0
71	0.0	0.0	0.0	0.0	0.0	0.0	0.0	0.0	0.0	0.0	0.0	0.0	0.0	0.0	0.0	0.0	0.0	0.0	0.0	0.0	0.0	0.0	-0.05610214486818538	-0.04419324559223983	0.0	0.0	0.0926414840608228	0.0	0.0	0.0	0.0	0.0	0.0	0.0	0.0	0.0	0.0	0.0
69	0.0	0.0	0.0	0.0	0.0	0.0	0.0	0.0	0.0	0.0	0.0	0.0	0.0	0.0	0.0	0.0	0.0	0.0	0.0	0.0	0.0	0.0	0.0	0.0	0.0	0.0	0.0	0.0	0.0	0.20447665488946495	0.0	0.0	0.0	0.0	0.0	-0.02562117516647385	0.04426890738127606	0.11910748133118645
70	0.0	0.02384453727760552	0.0	0.0	0.0	0.0	0.0	0.0	0.0	0.0	0.0	0.0	0.0	0.0	0.0	0.0	0.0	0.0	0.0	0.0	0.0	0.0	0.0	0.0	0.08171725913994671	0.0	0.0	0.0	0.0	0.1651736061040462	0.0	0.0	0.0	0.0	-0.02562117516647385	0.0	0.05599045355078819	0.0
74	0.0	0.0	0.0	0.0	0.0	0.0	0.0	0.0	0.0	0.0	0.0	0.0	0.0	0.0	0.0	0.0	0.0	0.0	0.0	0.0	0.0	0.0	0.0	0.0	-0.05212731804382042	0.0	0.0	0.0	0.0	0.0	0.0	0.0	0.0	0.0	0.04426890738127606	0.05599045355078819	0.0	-0.01123936959013648
73	0.0	0.0	0.0	0.0	0.0	0.0	0.0	0.0	0.0	0.0	0.0	0.0	0.0	0.0	0.0	0.0	0.0	0.0	0.0	0.0	0.0	0.0	0.0	0.0	-0.06514740483072745	0.0	0.0	0.0	0.0	0.0	0.0	0.0	0.0	0.0	0.11910748133118645	0.0	-0.01123936959013648	0.0
