N	sigma	esponente	perc
50	0.01	1	0.932287909672124
50	0.01	1	0.9344998277021616
50	0.01	1	0.9455718543168065
50	0.01	1	0.9225028588806492
50	0.01	1	0.9363227279937558
50	0.01	1	0.9206506890645197
50	0.01	5	0.999766948330141
50	0.01	5	0.9998596706521662
50	0.01	5	0.9998742521101207
50	0.01	5	0.9998599962132024
50	0.01	5	0.9998945684473829
50	0.01	5	0.9999397126271627
50	0.01	10	0.9999801491345348
50	0.01	10	0.999990424547417
50	0.01	10	0.9999499616099448
50	0.01	10	0.9999997678025082
50	0.01	10	0.9999976078507407
50	0.01	10	0.9999749138010828
50	0.01	20	0.999999942024264
50	0.01	20	0.9999999754568311
50	0.01	20	0.999999998798962
50	0.01	20	0.9999999970556046
50	0.01	20	0.999999995289349
50	0.01	20	0.9999999996141891
50	0.01	30	0.9999999964957142
50	0.01	30	0.9999999980974587
50	0.01	30	0.9999999998844402
50	0.01	30	0.9999999999986757
50	0.01	30	0.9999999999716357
50	0.01	30	0.9999999999359216
50	0.01	40	0.9999999999999634
50	0.01	40	0.9999999999905501
50	0.01	40	0.9999999999999969
50	0.01	40	0.9999999929027276
50	0.01	40	0.9999999999999996
50	0.01	40	1.0
50	0.01	50	0.9999999999999983
50	0.01	50	0.9999999999999957
50	0.01	50	1.0
50	0.01	50	1.0
50	0.01	50	1.0
50	0.01	50	1.0
50	0.015848931924611134	1	0.8889292746765018
50	0.015848931924611134	1	0.9028497828945384
50	0.015848931924611134	1	0.8858566780938902
50	0.015848931924611134	1	0.90133156106668
50	0.015848931924611134	1	0.8865952593349521
50	0.015848931924611134	1	0.904654575349707
50	0.015848931924611134	5	0.9990447220275352
50	0.015848931924611134	5	0.9991769755999904
50	0.015848931924611134	5	0.9993568506832389
50	0.015848931924611134	5	0.9989912602800595
50	0.015848931924611134	5	0.9997863944844143
50	0.015848931924611134	5	0.9995941942248979
50	0.015848931924611134	10	0.9999251650674034
50	0.015848931924611134	10	0.9999285515496582
50	0.015848931924611134	10	0.9994275514200869
50	0.015848931924611134	10	0.9996908638097316
50	0.015848931924611134	10	0.9999098638197078
50	0.015848931924611134	10	0.999275918201854
50	0.015848931924611134	20	0.9999990142178522
50	0.015848931924611134	20	0.9999999641511265
50	0.015848931924611134	20	0.9999986567028983
50	0.015848931924611134	20	0.9999048530496171
50	0.015848931924611134	20	0.9999789373478839
50	0.015848931924611134	20	0.9928351243832023
50	0.015848931924611134	30	0.9999998168512111
50	0.015848931924611134	30	0.9999999849579352
50	0.015848931924611134	30	0.999999995052462
50	0.015848931924611134	30	0.9999998109879935
50	0.015848931924611134	30	0.9999999471515381
50	0.015848931924611134	30	0.9999999796452907
50	0.015848931924611134	40	0.9999999912576119
50	0.015848931924611134	40	0.9999740737868739
50	0.015848931924611134	40	0.9999999999926837
50	0.015848931924611134	40	0.9999998126021822
50	0.015848931924611134	40	0.9999968194382218
50	0.015848931924611134	40	0.9999997714486576
50	0.015848931924611134	50	0.9999999999998149
50	0.015848931924611134	50	0.9999999999955548
50	0.015848931924611134	50	0.9999999889361508
50	0.015848931924611134	50	0.9999999977623368
50	0.015848931924611134	50	0.9999999999972704
50	0.015848931924611134	50	0.9999999999812202
50	0.025118864315095794	1	0.8350246380579128
50	0.025118864315095794	1	0.8252295716590152
50	0.025118864315095794	1	0.8334707946260587
50	0.025118864315095794	1	0.785977561725699
50	0.025118864315095794	1	0.8127461267622069
50	0.025118864315095794	1	0.8450173262955719
50	0.025118864315095794	5	0.9888784335281936
50	0.025118864315095794	5	0.9928323932888318
50	0.025118864315095794	5	0.9966641711227112
50	0.025118864315095794	5	0.9783738726519492
50	0.025118864315095794	5	0.9885878719699472
50	0.025118864315095794	5	0.9977092487883501
50	0.025118864315095794	10	0.9995060829568639
50	0.025118864315095794	10	0.995226414201086
50	0.025118864315095794	10	0.9998233256011464
50	0.025118864315095794	10	0.9978879360107256
50	0.025118864315095794	10	0.9993506214544383
50	0.025118864315095794	10	0.998299621319486
50	0.025118864315095794	20	0.9999928975102448
50	0.025118864315095794	20	0.9969347490978876
50	0.025118864315095794	20	0.9798087711548324
50	0.025118864315095794	20	0.9998378364303255
50	0.025118864315095794	20	0.9999670177449289
50	0.025118864315095794	20	0.9997302720249329
50	0.025118864315095794	30	0.999864601875333
50	0.025118864315095794	30	0.9981629714744962
50	0.025118864315095794	30	0.9992431636920419
50	0.025118864315095794	30	0.9999033926605321
50	0.025118864315095794	30	0.9999910783168409
50	0.025118864315095794	30	0.9971445488742195
50	0.025118864315095794	40	0.9998437556759533
50	0.025118864315095794	40	0.9999911993636916
50	0.025118864315095794	40	0.9997356196475269
50	0.025118864315095794	40	0.9999816643847106
50	0.025118864315095794	40	0.9999901327052797
50	0.025118864315095794	40	0.9999997856893323
50	0.025118864315095794	50	0.9999838726237142
50	0.025118864315095794	50	0.9939298892697359
50	0.025118864315095794	50	0.9999960561368931
50	0.025118864315095794	50	0.9994549822529785
50	0.025118864315095794	50	0.9999325568399366
50	0.025118864315095794	50	0.9768554861755592
50	0.039810717055349734	1	0.7333357847347521
50	0.039810717055349734	1	0.7243440668595456
50	0.039810717055349734	1	0.7115202933751722
50	0.039810717055349734	1	0.7266687610329181
50	0.039810717055349734	1	0.7473378361655487
50	0.039810717055349734	1	0.7860458713765298
50	0.039810717055349734	5	0.9785720862207404
50	0.039810717055349734	5	0.9795049404165259
50	0.039810717055349734	5	0.963798330953364
50	0.039810717055349734	5	0.9539468996178341
50	0.039810717055349734	5	0.9689339737117835
50	0.039810717055349734	5	0.9631270624837504
50	0.039810717055349734	10	0.9825084333588745
50	0.039810717055349734	10	0.9851823780517438
50	0.039810717055349734	10	0.9871612015566876
50	0.039810717055349734	10	0.9896150794581067
50	0.039810717055349734	10	0.9782829921495321
50	0.039810717055349734	10	0.9708259934075246
50	0.039810717055349734	20	0.9958167578241612
50	0.039810717055349734	20	0.9908856376480216
50	0.039810717055349734	20	0.9839469600933596
50	0.039810717055349734	20	0.9959157798777246
50	0.039810717055349734	20	0.9963112169394698
50	0.039810717055349734	20	0.9862978034718345
50	0.039810717055349734	30	0.9644752035231727
50	0.039810717055349734	30	0.9889829736339967
50	0.039810717055349734	30	0.9966982580904746
50	0.039810717055349734	30	0.979589496669571
50	0.039810717055349734	30	0.976676628953043
50	0.039810717055349734	30	0.9911119509509976
50	0.039810717055349734	40	0.9989415445057243
50	0.039810717055349734	40	0.9910587585773527
50	0.039810717055349734	40	0.9846912144830091
50	0.039810717055349734	40	0.9990845966259939
50	0.039810717055349734	40	0.9990908690063535
50	0.039810717055349734	40	0.98682332723731
50	0.039810717055349734	50	0.9950142609896209
50	0.039810717055349734	50	0.9874026268073695
50	0.039810717055349734	50	0.9972234153477051
50	0.039810717055349734	50	0.9954400057468703
50	0.039810717055349734	50	0.9984896694955583
50	0.039810717055349734	50	0.9997932849324059
50	0.06309573444801933	1	0.6519959102116661
50	0.06309573444801933	1	0.6713983918394373
50	0.06309573444801933	1	0.6862256564924326
50	0.06309573444801933	1	0.6548560344101754
50	0.06309573444801933	1	0.6375768322535859
50	0.06309573444801933	1	0.6164181457448814
50	0.06309573444801933	5	0.8969995556617499
50	0.06309573444801933	5	0.9402516650707254
50	0.06309573444801933	5	0.8689565583768485
50	0.06309573444801933	5	0.9043786118961438
50	0.06309573444801933	5	0.9170923453059796
50	0.06309573444801933	5	0.8656645368352216
50	0.06309573444801933	10	0.9262447456035237
50	0.06309573444801933	10	0.9676754164709799
50	0.06309573444801933	10	0.9605393718281441
50	0.06309573444801933	10	0.9505578117597976
50	0.06309573444801933	10	0.9192942583095045
50	0.06309573444801933	10	0.9709481567689159
50	0.06309573444801933	20	0.9418558215219838
50	0.06309573444801933	20	0.9449993961867403
50	0.06309573444801933	20	0.9521943908331242
50	0.06309573444801933	20	0.9404072932920213
50	0.06309573444801933	20	0.986617330790264
50	0.06309573444801933	20	0.9557086717013473
50	0.06309573444801933	30	0.9493302665298606
50	0.06309573444801933	30	0.9914069069620601
50	0.06309573444801933	30	0.9463335822361487
50	0.06309573444801933	30	0.9664780048639473
50	0.06309573444801933	30	0.965596695220414
50	0.06309573444801933	30	0.9808831771627964
50	0.06309573444801933	40	0.9564429045130524
50	0.06309573444801933	40	0.9789180260984777
50	0.06309573444801933	40	0.9797788910670752
50	0.06309573444801933	40	0.9749944530774328
50	0.06309573444801933	40	0.9503971658246164
50	0.06309573444801933	40	0.9956375377859796
50	0.06309573444801933	50	0.9924955482225352
50	0.06309573444801933	50	0.9707355931350796
50	0.06309573444801933	50	0.9704827896887142
50	0.06309573444801933	50	0.9525719222857048
50	0.06309573444801933	50	0.9874402662710121
50	0.06309573444801933	50	0.9933371587525619
50	0.1	1	0.5920492192349296
50	0.1	1	0.5986621935355357
50	0.1	1	0.5880184890189315
50	0.1	1	0.5899250071459986
50	0.1	1	0.566774751625591
50	0.1	1	0.5667540245919069
50	0.1	5	0.7451898713554962
50	0.1	5	0.7819842239683212
50	0.1	5	0.8223109434876679
50	0.1	5	0.7768052956546735
50	0.1	5	0.731926417775375
50	0.1	5	0.8614660016863233
50	0.1	10	0.8371876676881067
50	0.1	10	0.878991622877548
50	0.1	10	0.8743664095148077
50	0.1	10	0.8873926175596766
50	0.1	10	0.8125020908496906
50	0.1	10	0.7815897770623804
50	0.1	20	0.8673238110819478
50	0.1	20	0.8133695657358465
50	0.1	20	0.8834616757013817
50	0.1	20	0.8291384830787512
50	0.1	20	0.8894813916275353
50	0.1	20	0.9406028110819437
50	0.1	30	0.8146854647431715
50	0.1	30	0.9350317271085434
50	0.1	30	0.8900231283878666
50	0.1	30	0.9146265354215922
50	0.1	30	0.8744373372644995
50	0.1	30	0.9461198321985562
50	0.1	40	0.9178347017055574
50	0.1	40	0.914575115335718
50	0.1	40	0.9242425957234609
50	0.1	40	0.8779396035135673
50	0.1	40	0.8971067248822433
50	0.1	40	0.9176082142823009
50	0.1	50	0.9792500906636965
50	0.1	50	0.8404254416677691
50	0.1	50	0.9316382194444869
50	0.1	50	0.8753093059329756
50	0.1	50	0.937275039880869
50	0.1	50	0.9045073680220379
50	0.15848931924611143	1	0.5572308454913381
50	0.15848931924611143	1	0.5354785887652745
50	0.15848931924611143	1	0.5630158904242715
50	0.15848931924611143	1	0.5574779040517677
50	0.15848931924611143	1	0.5276657642429017
50	0.15848931924611143	1	0.589764421599793
50	0.15848931924611143	5	0.624345220839115
50	0.15848931924611143	5	0.6537046099045339
50	0.15848931924611143	5	0.6421569578988866
50	0.15848931924611143	5	0.6485110558257251
50	0.15848931924611143	5	0.6218970746206534
50	0.15848931924611143	5	0.6495026661778495
50	0.15848931924611143	10	0.6887899960078051
50	0.15848931924611143	10	0.7281637177758095
50	0.15848931924611143	10	0.7230364436660838
50	0.15848931924611143	10	0.7310750639873549
50	0.15848931924611143	10	0.786420901020046
50	0.15848931924611143	10	0.7180840578786392
50	0.15848931924611143	20	0.7691729113842962
50	0.15848931924611143	20	0.7901115555483234
50	0.15848931924611143	20	0.7419352563689555
50	0.15848931924611143	20	0.7259288206792114
50	0.15848931924611143	20	0.8003909956140276
50	0.15848931924611143	20	0.7607799303841777
50	0.15848931924611143	30	0.8094243223124515
50	0.15848931924611143	30	0.8344413440823946
50	0.15848931924611143	30	0.7580897280178067
50	0.15848931924611143	30	0.7616808742408426
50	0.15848931924611143	30	0.8255013861716559
50	0.15848931924611143	30	0.8339414105388785
50	0.15848931924611143	40	0.8177828232098548
50	0.15848931924611143	40	0.7983959234755186
50	0.15848931924611143	40	0.7701424267874962
50	0.15848931924611143	40	0.8336057824025975
50	0.15848931924611143	40	0.8662532870025196
50	0.15848931924611143	40	0.7305981069909289
50	0.15848931924611143	50	0.8258798878080822
50	0.15848931924611143	50	0.9024822409390874
50	0.15848931924611143	50	0.7197491638744942
50	0.15848931924611143	50	0.7941638214385606
50	0.15848931924611143	50	0.8068458863080606
50	0.15848931924611143	50	0.7057536258752335
50	0.25118864315095807	1	0.5427022039141634
50	0.25118864315095807	1	0.5378176455183213
50	0.25118864315095807	1	0.5199871478653394
50	0.25118864315095807	1	0.5379402704794455
50	0.25118864315095807	1	0.519675484736827
50	0.25118864315095807	1	0.5211015005363658
50	0.25118864315095807	5	0.5640384849364124
50	0.25118864315095807	5	0.5484198922667228
50	0.25118864315095807	5	0.6431380627351798
50	0.25118864315095807	5	0.585393008586827
50	0.25118864315095807	5	0.5899937300064818
50	0.25118864315095807	5	0.6157941416866121
50	0.25118864315095807	10	0.6508022634048023
50	0.25118864315095807	10	0.6295877009574105
50	0.25118864315095807	10	0.5893811769903785
50	0.25118864315095807	10	0.6094626579174034
50	0.25118864315095807	10	0.6313745986236459
50	0.25118864315095807	10	0.6609532833611131
50	0.25118864315095807	20	0.6726945723299165
50	0.25118864315095807	20	0.7031755372118429
50	0.25118864315095807	20	0.8433963230906955
50	0.25118864315095807	20	0.752531621955543
50	0.25118864315095807	20	0.6736737848071661
50	0.25118864315095807	20	0.697098687179806
50	0.25118864315095807	30	0.6511122809095423
50	0.25118864315095807	30	0.6743686862196541
50	0.25118864315095807	30	0.6912213799011052
50	0.25118864315095807	30	0.8101928602592996
50	0.25118864315095807	30	0.6330999062198404
50	0.25118864315095807	30	0.7011945638889011
50	0.25118864315095807	40	0.7722160774571566
50	0.25118864315095807	40	0.749954668681077
50	0.25118864315095807	40	0.7157311162658336
50	0.25118864315095807	40	0.5767896859116316
50	0.25118864315095807	40	0.6748727985001091
50	0.25118864315095807	40	0.5687222087135285
50	0.25118864315095807	50	0.7302972784023608
50	0.25118864315095807	50	0.6444440890876919
50	0.25118864315095807	50	0.7061748805366812
50	0.25118864315095807	50	0.8066852857260353
50	0.25118864315095807	50	0.6393168530271823
50	0.25118864315095807	50	0.7510619901876716
50	0.3981071705534973	1	0.5155310947432952
50	0.3981071705534973	1	0.5104919585874617
50	0.3981071705534973	1	0.5267433953039589
50	0.3981071705534973	1	0.5218789431439236
50	0.3981071705534973	1	0.5431988275914615
50	0.3981071705534973	1	0.5156851279000594
50	0.3981071705534973	5	0.5698317185044661
50	0.3981071705534973	5	0.5407887053923897
50	0.3981071705534973	5	0.553587703032034
50	0.3981071705534973	5	0.5695921063065091
50	0.3981071705534973	5	0.5680090146671191
50	0.3981071705534973	5	0.5776280889345111
50	0.3981071705534973	10	0.5942921085431269
50	0.3981071705534973	10	0.5897792711471679
50	0.3981071705534973	10	0.5671417252300772
50	0.3981071705534973	10	0.6246657851070705
50	0.3981071705534973	10	0.5723888501655356
50	0.3981071705534973	10	0.5662666582502224
50	0.3981071705534973	20	0.5606810410798714
50	0.3981071705534973	20	0.6363272174059195
50	0.3981071705534973	20	0.6702774127055141
50	0.3981071705534973	20	0.5746813256052996
50	0.3981071705534973	20	0.5887812072130575
50	0.3981071705534973	20	0.5762732139155052
50	0.3981071705534973	30	0.5856692304569621
50	0.3981071705534973	30	0.6388370996242675
50	0.3981071705534973	30	0.6441815270043835
50	0.3981071705534973	30	0.5859182001738118
50	0.3981071705534973	30	0.584677591316327
50	0.3981071705534973	30	0.6572483175455863
50	0.3981071705534973	40	0.7061884536989067
50	0.3981071705534973	40	0.6709036066835324
50	0.3981071705534973	40	0.5806972307326376
50	0.3981071705534973	40	0.6576890628559982
50	0.3981071705534973	40	0.6504396171058453
50	0.3981071705534973	40	0.6397938549837074
50	0.3981071705534973	50	0.6855301184383197
50	0.3981071705534973	50	0.6405725212301406
50	0.3981071705534973	50	0.7576368154529847
50	0.3981071705534973	50	0.6310790219522735
50	0.3981071705534973	50	0.624467292988741
50	0.3981071705534973	50	0.6501968406187477
50	0.6309573444801934	1	0.5204493769660402
50	0.6309573444801934	1	0.5107203245502436
50	0.6309573444801934	1	0.5145811408671214
50	0.6309573444801934	1	0.5125963894455238
50	0.6309573444801934	1	0.5158884757237033
50	0.6309573444801934	1	0.5104773440823192
50	0.6309573444801934	5	0.5407379124957993
50	0.6309573444801934	5	0.5344227328772484
50	0.6309573444801934	5	0.5371101078117765
50	0.6309573444801934	5	0.5353279202420957
50	0.6309573444801934	5	0.533861291873619
50	0.6309573444801934	5	0.5414041524152481
50	0.6309573444801934	10	0.528346576517237
50	0.6309573444801934	10	0.5367238424593324
50	0.6309573444801934	10	0.5056657790506949
50	0.6309573444801934	10	0.5319850075170941
50	0.6309573444801934	10	0.6194527217967939
50	0.6309573444801934	10	0.6150335884674721
50	0.6309573444801934	20	0.5357225216828696
50	0.6309573444801934	20	0.5248650806480654
50	0.6309573444801934	20	0.5724803537003778
50	0.6309573444801934	20	0.6229877343500256
50	0.6309573444801934	20	0.5622153129534387
50	0.6309573444801934	20	0.5446747076916556
50	0.6309573444801934	30	0.5310810963239717
50	0.6309573444801934	30	0.5279421764483252
50	0.6309573444801934	30	0.5795670763479674
50	0.6309573444801934	30	0.5977762462595659
50	0.6309573444801934	30	0.5816176644281273
50	0.6309573444801934	30	0.5410267619371305
50	0.6309573444801934	40	0.6319515275391073
50	0.6309573444801934	40	0.5228055667278091
50	0.6309573444801934	40	0.5717330956698695
50	0.6309573444801934	40	0.5464686735035156
50	0.6309573444801934	40	0.5979014945027201
50	0.6309573444801934	40	0.6056955815258587
50	0.6309573444801934	50	0.5180401069931921
50	0.6309573444801934	50	0.5712093474582569
50	0.6309573444801934	50	0.6240685430733697
50	0.6309573444801934	50	0.5383832995021371
50	0.6309573444801934	50	0.617691884923048
50	0.6309573444801934	50	0.5613075045241404
50	1.0	1	0.510626815759698
50	1.0	1	0.5065613911026812
50	1.0	1	0.5102098126077621
50	1.0	1	0.5123735793749681
50	1.0	1	0.5104991959772043
50	1.0	1	0.5095993807191939
50	1.0	5	0.507587448613702
50	1.0	5	0.5145430424111245
50	1.0	5	0.5177971010166558
50	1.0	5	0.5202859447131234
50	1.0	5	0.5275317313385307
50	1.0	5	0.5291254361238227
50	1.0	10	0.5291675523761764
50	1.0	10	0.5607688264388168
50	1.0	10	0.5114840097016572
50	1.0	10	0.5157369268006571
50	1.0	10	0.525489893196937
50	1.0	10	0.5384590402290373
50	1.0	20	0.5406661368210194
50	1.0	20	0.5286928049747192
50	1.0	20	0.5196568894009207
50	1.0	20	0.5347977770465044
50	1.0	20	0.5485536817378555
50	1.0	20	0.5424577132283215
50	1.0	30	0.6187508614483545
50	1.0	30	0.55241962110177
50	1.0	30	0.5706479333048227
50	1.0	30	0.5518382573205869
50	1.0	30	0.5274589430614083
50	1.0	30	0.5509133970137301
50	1.0	40	0.4989283817281516
50	1.0	40	0.5483874543908024
50	1.0	40	0.5440441864332973
50	1.0	40	0.5378674947278259
50	1.0	40	0.5560450348327179
50	1.0	40	0.567976806902352
50	1.0	50	0.5510471604410491
50	1.0	50	0.5738048412327341
50	1.0	50	0.5368037721232785
50	1.0	50	0.5246199598402919
50	1.0	50	0.51332110919451
50	1.0	50	0.6098590985316761
100	0.01	1	0.9288941384586782
100	0.01	1	0.929105857503243
100	0.01	1	0.9419933915841221
100	0.01	1	0.9327840497686966
100	0.01	1	0.9298289743487014
100	0.01	1	0.9301998711912159
100	0.01	5	0.9996016380836524
100	0.01	5	0.9998947401213423
100	0.01	5	0.9995808705450633
100	0.01	5	0.9998107151946514
100	0.01	5	0.9972079654870476
100	0.01	5	0.9994130590219523
100	0.01	10	0.9999801599528034
100	0.01	10	0.9999441454140454
100	0.01	10	0.999083568816468
100	0.01	10	0.9999370054121227
100	0.01	10	0.9999335773681406
100	0.01	10	0.9999656896305883
100	0.01	20	0.9999998875548353
100	0.01	20	0.9999998290243395
100	0.01	20	0.9999993824098702
100	0.01	20	0.9999999531819158
100	0.01	20	0.9999977415478969
100	0.01	20	0.9999992121849296
100	0.01	30	0.999999968468598
100	0.01	30	0.9999997532087358
100	0.01	30	0.9999999484827888
100	0.01	30	0.9999999068392821
100	0.01	30	0.9999999982844896
100	0.01	30	0.9999999397345063
100	0.01	40	0.999999999399553
100	0.01	40	0.999999986095852
100	0.01	40	0.9999999999300018
100	0.01	40	0.9999999983305443
100	0.01	40	0.9999998024351505
100	0.01	40	0.9999999999669518
100	0.01	50	0.9999999996374225
100	0.01	50	0.9999999999884633
100	0.01	50	0.9999999997762383
100	0.01	50	0.9999999935999622
100	0.01	50	0.999999997195407
100	0.01	50	0.9999999999433352
100	0.015848931924611134	1	0.8994933329379682
100	0.015848931924611134	1	0.8860306350115673
100	0.015848931924611134	1	0.8922619935384062
100	0.015848931924611134	1	0.8903189198342271
100	0.015848931924611134	1	0.8830605734688542
100	0.015848931924611134	1	0.8931542584281531
100	0.015848931924611134	5	0.9979688450602336
100	0.015848931924611134	5	0.9991501454848528
100	0.015848931924611134	5	0.998371810316769
100	0.015848931924611134	5	0.9989814524913795
100	0.015848931924611134	5	0.9983665448396689
100	0.015848931924611134	5	0.9982545858513698
100	0.015848931924611134	10	0.9993546755208823
100	0.015848931924611134	10	0.9997623333591455
100	0.015848931924611134	10	0.9998148723383362
100	0.015848931924611134	10	0.9995203463084975
100	0.015848931924611134	10	0.9999455371301279
100	0.015848931924611134	10	0.9980468967608094
100	0.015848931924611134	20	0.9999931216536956
100	0.015848931924611134	20	0.9999819835022221
100	0.015848931924611134	20	0.9999857679115783
100	0.015848931924611134	20	0.9999602125202619
100	0.015848931924611134	20	0.9999512087804158
100	0.015848931924611134	20	0.9999624820834292
100	0.015848931924611134	30	0.9999988596204342
100	0.015848931924611134	30	0.9999378646166464
100	0.015848931924611134	30	0.9999928031875318
100	0.015848931924611134	30	0.9999990683359834
100	0.015848931924611134	30	0.9999936190908751
100	0.015848931924611134	30	0.9999989817983084
100	0.015848931924611134	40	0.9999711786194172
100	0.015848931924611134	40	0.9999982451606811
100	0.015848931924611134	40	0.9999934920850592
100	0.015848931924611134	40	0.9999995044999911
100	0.015848931924611134	40	0.9999946130640094
100	0.015848931924611134	40	0.9999995432289199
100	0.015848931924611134	50	0.9999999078794168
100	0.015848931924611134	50	0.9999934927334116
100	0.015848931924611134	50	0.9999999403883459
100	0.015848931924611134	50	0.9999999723451259
100	0.015848931924611134	50	0.9999995762296855
100	0.015848931924611134	50	0.99999992217535
100	0.025118864315095794	1	0.8491034482300839
100	0.025118864315095794	1	0.8389307426375552
100	0.025118864315095794	1	0.7993216824116616
100	0.025118864315095794	1	0.8201299083195445
100	0.025118864315095794	1	0.8106966943241769
100	0.025118864315095794	1	0.7904319071352548
100	0.025118864315095794	5	0.9885244195059781
100	0.025118864315095794	5	0.9907350725082351
100	0.025118864315095794	5	0.9921281085815684
100	0.025118864315095794	5	0.9886251725897287
100	0.025118864315095794	5	0.996032275764838
100	0.025118864315095794	5	0.9847091562063965
100	0.025118864315095794	10	0.996202730874567
100	0.025118864315095794	10	0.9974886303132313
100	0.025118864315095794	10	0.998079317253148
100	0.025118864315095794	10	0.9975692155283081
100	0.025118864315095794	10	0.998177951777248
100	0.025118864315095794	10	0.9980923156742999
100	0.025118864315095794	20	0.9987980186573177
100	0.025118864315095794	20	0.9955932560756052
100	0.025118864315095794	20	0.9998417547767391
100	0.025118864315095794	20	0.9984236579702768
100	0.025118864315095794	20	0.9997590338949748
100	0.025118864315095794	20	0.9981339317991907
100	0.025118864315095794	30	0.9997567532037428
100	0.025118864315095794	30	0.9997289829269831
100	0.025118864315095794	30	0.9996015757851087
100	0.025118864315095794	30	0.9997779330015957
100	0.025118864315095794	30	0.9985338636874369
100	0.025118864315095794	30	0.9977567356652454
100	0.025118864315095794	40	0.9995915175493869
100	0.025118864315095794	40	0.9997679955246297
100	0.025118864315095794	40	0.999478983851925
100	0.025118864315095794	40	0.9999566459512217
100	0.025118864315095794	40	0.9999708106366365
100	0.025118864315095794	40	0.9994826756035665
100	0.025118864315095794	50	0.9999776880494666
100	0.025118864315095794	50	0.9999991751760038
100	0.025118864315095794	50	0.9999915748031232
100	0.025118864315095794	50	0.9997240934389842
100	0.025118864315095794	50	0.9991013156670774
100	0.025118864315095794	50	0.9999758412113847
100	0.039810717055349734	1	0.724278494175433
100	0.039810717055349734	1	0.7571981958309036
100	0.039810717055349734	1	0.7683708135626388
100	0.039810717055349734	1	0.7425087345262764
100	0.039810717055349734	1	0.7196940699618944
100	0.039810717055349734	1	0.7434540540410386
100	0.039810717055349734	5	0.9700542996690371
100	0.039810717055349734	5	0.9671310522999051
100	0.039810717055349734	5	0.9691420726908826
100	0.039810717055349734	5	0.9704241940193763
100	0.039810717055349734	5	0.9781896191967484
100	0.039810717055349734	5	0.9718959066130676
100	0.039810717055349734	10	0.988975667718982
100	0.039810717055349734	10	0.9924254758470865
100	0.039810717055349734	10	0.9888524603048655
100	0.039810717055349734	10	0.9860981066820257
100	0.039810717055349734	10	0.9862225754424434
100	0.039810717055349734	10	0.9921777777019866
100	0.039810717055349734	20	0.9930597555033037
100	0.039810717055349734	20	0.9876944337520206
100	0.039810717055349734	20	0.9843834297521424
100	0.039810717055349734	20	0.9938359283332543
100	0.039810717055349734	20	0.9939583111965591
100	0.039810717055349734	20	0.9985940519032475
100	0.039810717055349734	30	0.9951891337053987
100	0.039810717055349734	30	0.9876306574926926
100	0.039810717055349734	30	0.9872108080256202
100	0.039810717055349734	30	0.99760902121428
100	0.039810717055349734	30	0.992844469405924
100	0.039810717055349734	30	0.9974364289676314
100	0.039810717055349734	40	0.9987198985386598
100	0.039810717055349734	40	0.9973556713206224
100	0.039810717055349734	40	0.9976137701318921
100	0.039810717055349734	40	0.9917762451198537
100	0.039810717055349734	40	0.9967055608448506
100	0.039810717055349734	40	0.9935575726243522
100	0.039810717055349734	50	0.9997533463399874
100	0.039810717055349734	50	0.9984653205997478
100	0.039810717055349734	50	0.9973470896117045
100	0.039810717055349734	50	0.9962348651112369
100	0.039810717055349734	50	0.9892851851419525
100	0.039810717055349734	50	0.998278470912885
100	0.06309573444801933	1	0.6498649751780211
100	0.06309573444801933	1	0.6388268094073528
100	0.06309573444801933	1	0.6395953046904207
100	0.06309573444801933	1	0.672939252034369
100	0.06309573444801933	1	0.6414422870611258
100	0.06309573444801933	1	0.5912969476833457
100	0.06309573444801933	5	0.8782451639820616
100	0.06309573444801933	5	0.9219108115565664
100	0.06309573444801933	5	0.9360925804290455
100	0.06309573444801933	5	0.7834688450188523
100	0.06309573444801933	5	0.9055119637394812
100	0.06309573444801933	5	0.8971509961556321
100	0.06309573444801933	10	0.932208015535708
100	0.06309573444801933	10	0.9509174306729108
100	0.06309573444801933	10	0.956455457559371
100	0.06309573444801933	10	0.9611175605036429
100	0.06309573444801933	10	0.9293588043679958
100	0.06309573444801933	10	0.9404108867617553
100	0.06309573444801933	20	0.9734769494370137
100	0.06309573444801933	20	0.9620566425928967
100	0.06309573444801933	20	0.9348133285048998
100	0.06309573444801933	20	0.9475010459248333
100	0.06309573444801933	20	0.9691787858254083
100	0.06309573444801933	20	0.9610303561874259
100	0.06309573444801933	30	0.9485515568913685
100	0.06309573444801933	30	0.9620781957238187
100	0.06309573444801933	30	0.9657303899712325
100	0.06309573444801933	30	0.9527786380867558
100	0.06309573444801933	30	0.9705991259134158
100	0.06309573444801933	30	0.9847445960352129
100	0.06309573444801933	40	0.9707603632167253
100	0.06309573444801933	40	0.9873790469399918
100	0.06309573444801933	40	0.9467254925656202
100	0.06309573444801933	40	0.9488049944192506
100	0.06309573444801933	40	0.9782714147883863
100	0.06309573444801933	40	0.9775056418639478
100	0.06309573444801933	50	0.9764516691264327
100	0.06309573444801933	50	0.9774856880002892
100	0.06309573444801933	50	0.9864054731483881
100	0.06309573444801933	50	0.9827712596589728
100	0.06309573444801933	50	0.9611290627516744
100	0.06309573444801933	50	0.9776596490194083
100	0.1	1	0.5808018051979231
100	0.1	1	0.6057354460207616
100	0.1	1	0.5730334726373663
100	0.1	1	0.5859919787206979
100	0.1	1	0.5948948067649611
100	0.1	1	0.6059531252720581
100	0.1	5	0.8015531030210136
100	0.1	5	0.7622597895637934
100	0.1	5	0.8131494852265474
100	0.1	5	0.7411131815644499
100	0.1	5	0.8131430272713114
100	0.1	5	0.7647483317119153
100	0.1	10	0.8214008571836269
100	0.1	10	0.816853385091686
100	0.1	10	0.8884669895565644
100	0.1	10	0.8922566333090717
100	0.1	10	0.8446005738637204
100	0.1	10	0.8349399708023376
100	0.1	20	0.9070828613373492
100	0.1	20	0.8759307228786319
100	0.1	20	0.9189039807081826
100	0.1	20	0.8706722528937206
100	0.1	20	0.8945735038814421
100	0.1	20	0.9165943041094833
100	0.1	30	0.8411614499171152
100	0.1	30	0.8595161276616609
100	0.1	30	0.8960276954093043
100	0.1	30	0.882328663013808
100	0.1	30	0.8896915315900787
100	0.1	30	0.8903062620617312
100	0.1	40	0.9223807293697465
100	0.1	40	0.9073288918489288
100	0.1	40	0.9393677245912223
100	0.1	40	0.9290530247097168
100	0.1	40	0.9265377394546275
100	0.1	40	0.9128954527331737
100	0.1	50	0.9247195796683803
100	0.1	50	0.9118983686381276
100	0.1	50	0.9162029721614824
100	0.1	50	0.9207500325824575
100	0.1	50	0.9096137550778456
100	0.1	50	0.8673151871855055
100	0.15848931924611143	1	0.5499196112461393
100	0.15848931924611143	1	0.5598334862850893
100	0.15848931924611143	1	0.5545315952888417
100	0.15848931924611143	1	0.5334801970528643
100	0.15848931924611143	1	0.5524265094318073
100	0.15848931924611143	1	0.5438841703336382
100	0.15848931924611143	5	0.6798590805968711
100	0.15848931924611143	5	0.6707226158856597
100	0.15848931924611143	5	0.6408894983177403
100	0.15848931924611143	5	0.7092130587218822
100	0.15848931924611143	5	0.6360704077130755
100	0.15848931924611143	5	0.6738752042655484
100	0.15848931924611143	10	0.7133331016349655
100	0.15848931924611143	10	0.7418393948341785
100	0.15848931924611143	10	0.7416107996064307
100	0.15848931924611143	10	0.7603498202134017
100	0.15848931924611143	10	0.7523492411164865
100	0.15848931924611143	10	0.7613214180267712
100	0.15848931924611143	20	0.7672349682767837
100	0.15848931924611143	20	0.7302331431754951
100	0.15848931924611143	20	0.8007472900544058
100	0.15848931924611143	20	0.749448808891609
100	0.15848931924611143	20	0.8009860312706095
100	0.15848931924611143	20	0.7797231866820634
100	0.15848931924611143	30	0.7822540613623608
100	0.15848931924611143	30	0.7516100469840588
100	0.15848931924611143	30	0.8328501738174189
100	0.15848931924611143	30	0.7772980502654279
100	0.15848931924611143	30	0.7185570353511707
100	0.15848931924611143	30	0.7683495472511913
100	0.15848931924611143	40	0.8403482647726495
100	0.15848931924611143	40	0.8156845831918941
100	0.15848931924611143	40	0.7674533845635966
100	0.15848931924611143	40	0.8161608050284737
100	0.15848931924611143	40	0.7943876908991229
100	0.15848931924611143	40	0.8737498021133578
100	0.15848931924611143	50	0.781508845867608
100	0.15848931924611143	50	0.7822340554911492
100	0.15848931924611143	50	0.8229871861392388
100	0.15848931924611143	50	0.7603583070516252
100	0.15848931924611143	50	0.8325329226150209
100	0.15848931924611143	50	0.8248360063912467
100	0.25118864315095807	1	0.5240017495784103
100	0.25118864315095807	1	0.532827316916885
100	0.25118864315095807	1	0.5175697484764225
100	0.25118864315095807	1	0.5198244628286325
100	0.25118864315095807	1	0.5306632343010389
100	0.25118864315095807	1	0.5155635884705685
100	0.25118864315095807	5	0.6209574885059637
100	0.25118864315095807	5	0.5905045712137842
100	0.25118864315095807	5	0.5689303615625013
100	0.25118864315095807	5	0.5576412676322788
100	0.25118864315095807	5	0.6135688843938395
100	0.25118864315095807	5	0.6023241861042042
100	0.25118864315095807	10	0.6244469778885697
100	0.25118864315095807	10	0.6692772379835167
100	0.25118864315095807	10	0.6588667172829664
100	0.25118864315095807	10	0.6341030652078424
100	0.25118864315095807	10	0.6567036064650392
100	0.25118864315095807	10	0.5887329651751672
100	0.25118864315095807	20	0.7353364590397128
100	0.25118864315095807	20	0.6657637838556361
100	0.25118864315095807	20	0.7172102841988104
100	0.25118864315095807	20	0.6748510093521191
100	0.25118864315095807	20	0.695212426661192
100	0.25118864315095807	20	0.7036535532114678
100	0.25118864315095807	30	0.6787290361136865
100	0.25118864315095807	30	0.69336994440073
100	0.25118864315095807	30	0.6499940159801861
100	0.25118864315095807	30	0.7056348601150119
100	0.25118864315095807	30	0.6575495359455178
100	0.25118864315095807	30	0.6800326196010661
100	0.25118864315095807	40	0.7376478115709414
100	0.25118864315095807	40	0.6979016016211169
100	0.25118864315095807	40	0.6703941415389649
100	0.25118864315095807	40	0.6954798180406726
100	0.25118864315095807	40	0.7801157958843996
100	0.25118864315095807	40	0.7382694940834394
100	0.25118864315095807	50	0.7502222565236741
100	0.25118864315095807	50	0.7087285875021603
100	0.25118864315095807	50	0.6940315383664342
100	0.25118864315095807	50	0.7155860230638772
100	0.25118864315095807	50	0.6901056674601053
100	0.25118864315095807	50	0.7033752875789295
100	0.3981071705534973	1	0.5126604999901331
100	0.3981071705534973	1	0.5259073573177043
100	0.3981071705534973	1	0.5142914578803598
100	0.3981071705534973	1	0.5204716335097646
100	0.3981071705534973	1	0.5135649317571161
100	0.3981071705534973	1	0.5194670406676777
100	0.3981071705534973	5	0.564488814385838
100	0.3981071705534973	5	0.5606463603383262
100	0.3981071705534973	5	0.5629364234811325
100	0.3981071705534973	5	0.5341372049389848
100	0.3981071705534973	5	0.5804673599895633
100	0.3981071705534973	5	0.57081806782313
100	0.3981071705534973	10	0.56016225029111
100	0.3981071705534973	10	0.5447809438914804
100	0.3981071705534973	10	0.5898682686822709
100	0.3981071705534973	10	0.6474606656628924
100	0.3981071705534973	10	0.5751212846087512
100	0.3981071705534973	10	0.5911945453467715
100	0.3981071705534973	20	0.6689966301208554
100	0.3981071705534973	20	0.6016691110570719
100	0.3981071705534973	20	0.5938770283113952
100	0.3981071705534973	20	0.631642431005565
100	0.3981071705534973	20	0.6123124658267152
100	0.3981071705534973	20	0.6114087627925048
100	0.3981071705534973	30	0.6290941005640804
100	0.3981071705534973	30	0.6109598087695008
100	0.3981071705534973	30	0.6323729802529071
100	0.3981071705534973	30	0.6074089268388541
100	0.3981071705534973	30	0.5874326127813998
100	0.3981071705534973	30	0.6096178087457451
100	0.3981071705534973	40	0.6330258246342485
100	0.3981071705534973	40	0.6168250435025918
100	0.3981071705534973	40	0.5981931189313467
100	0.3981071705534973	40	0.6505278278469475
100	0.3981071705534973	40	0.7052578923418945
100	0.3981071705534973	40	0.6479995541921434
100	0.3981071705534973	50	0.6374991351469764
100	0.3981071705534973	50	0.5648034120150894
100	0.3981071705534973	50	0.5846894796935111
100	0.3981071705534973	50	0.6237702197554508
100	0.3981071705534973	50	0.6005808899560405
100	0.3981071705534973	50	0.6760562504893833
100	0.6309573444801934	1	0.5092781818772824
100	0.6309573444801934	1	0.5133556871287835
100	0.6309573444801934	1	0.5120895003422822
100	0.6309573444801934	1	0.5094021529976288
100	0.6309573444801934	1	0.5097639816455435
100	0.6309573444801934	1	0.5123734922479094
100	0.6309573444801934	5	0.5437460753531794
100	0.6309573444801934	5	0.5522529253855396
100	0.6309573444801934	5	0.5253049511386781
100	0.6309573444801934	5	0.523572696420681
100	0.6309573444801934	5	0.5367115128386766
100	0.6309573444801934	5	0.5426400672958016
100	0.6309573444801934	10	0.5277896603414609
100	0.6309573444801934	10	0.5853989520599471
100	0.6309573444801934	10	0.5373208861402674
100	0.6309573444801934	10	0.5236291253736363
100	0.6309573444801934	10	0.5775185404591805
100	0.6309573444801934	10	0.5710080337920321
100	0.6309573444801934	20	0.5899619850597676
100	0.6309573444801934	20	0.6214933657115657
100	0.6309573444801934	20	0.5517505796524577
100	0.6309573444801934	20	0.5935205611087143
100	0.6309573444801934	20	0.5586736293793592
100	0.6309573444801934	20	0.5588271306728113
100	0.6309573444801934	30	0.5894392076785019
100	0.6309573444801934	30	0.5984983032848332
100	0.6309573444801934	30	0.5621003088261809
100	0.6309573444801934	30	0.5542815910596929
100	0.6309573444801934	30	0.5650100692561847
100	0.6309573444801934	30	0.5810904526791625
100	0.6309573444801934	40	0.6072034678862609
100	0.6309573444801934	40	0.5391722543463799
100	0.6309573444801934	40	0.590036671530201
100	0.6309573444801934	40	0.5911499811284504
100	0.6309573444801934	40	0.5472314797737913
100	0.6309573444801934	40	0.5804293549509261
100	0.6309573444801934	50	0.597839790121518
100	0.6309573444801934	50	0.5847197672348582
100	0.6309573444801934	50	0.5380728670233936
100	0.6309573444801934	50	0.5645460745110938
100	0.6309573444801934	50	0.6187919810698356
100	0.6309573444801934	50	0.5708334958813007
100	1.0	1	0.5059382957278196
100	1.0	1	0.506918992535193
100	1.0	1	0.5095590780561101
100	1.0	1	0.5076062476797581
100	1.0	1	0.5066265557569991
100	1.0	1	0.5105922278580406
100	1.0	5	0.5130723419210205
100	1.0	5	0.5124569789583444
100	1.0	5	0.5221681310515769
100	1.0	5	0.5182854340406969
100	1.0	5	0.5155063174994104
100	1.0	5	0.5211904482903048
100	1.0	10	0.5244280723619456
100	1.0	10	0.5436066705873024
100	1.0	10	0.5222474908520572
100	1.0	10	0.5349590322426485
100	1.0	10	0.5335757595374024
100	1.0	10	0.5165713847522648
100	1.0	20	0.5635101919330763
100	1.0	20	0.5293382364261349
100	1.0	20	0.5394153191432781
100	1.0	20	0.5399090990503704
100	1.0	20	0.528818055663233
100	1.0	20	0.5339273205323928
100	1.0	30	0.5821521683205285
100	1.0	30	0.5938448066681592
100	1.0	30	0.5456906429078205
100	1.0	30	0.5302328017908446
100	1.0	30	0.5585401386439891
100	1.0	30	0.580291241932839
100	1.0	40	0.5525288096433822
100	1.0	40	0.5401687048277796
100	1.0	40	0.5579902077780681
100	1.0	40	0.5447212130284496
100	1.0	40	0.5878445497361613
100	1.0	40	0.5808455258745328
100	1.0	50	0.5486916341899092
100	1.0	50	0.5289798814732911
100	1.0	50	0.5394792109920789
100	1.0	50	0.5401686300023033
100	1.0	50	0.5482150637088822
100	1.0	50	0.5444960771033185
150	0.01	1	0.9254698585636925
150	0.01	1	0.9353670376679412
150	0.01	1	0.9258475547921478
150	0.01	1	0.9333871357352955
150	0.01	1	0.9307745475248568
150	0.01	1	0.9360478476456187
150	0.01	5	0.9995059318539317
150	0.01	5	0.9994547385578574
150	0.01	5	0.9996043091747442
150	0.01	5	0.998846584821557
150	0.01	5	0.9997395844077638
150	0.01	5	0.9995562959950323
150	0.01	10	0.9999878969705425
150	0.01	10	0.9998562043075981
150	0.01	10	0.9990118516133027
150	0.01	10	0.9999319354966318
150	0.01	10	0.9999625229193524
150	0.01	10	0.9999167274909434
150	0.01	20	0.9999995316846024
150	0.01	20	0.999998643490801
150	0.01	20	0.9999992871706949
150	0.01	20	0.99998978378543
150	0.01	20	0.9999821481532206
150	0.01	20	0.9999981151155727
150	0.01	30	0.9999999712783755
150	0.01	30	0.9999966670622208
150	0.01	30	0.9999974025628967
150	0.01	30	0.9999998343647318
150	0.01	30	0.9999986074844724
150	0.01	30	0.999999550255947
150	0.01	40	0.9999999901709459
150	0.01	40	0.9999999188653832
150	0.01	40	0.9999991408718502
150	0.01	40	0.999999365231228
150	0.01	40	0.9999997860757435
150	0.01	40	0.9999998576227073
150	0.01	50	0.9999999989826623
150	0.01	50	0.9999999997221508
150	0.01	50	0.9999999951581758
150	0.01	50	0.9999999985963534
150	0.01	50	0.9999999812244202
150	0.01	50	0.9999999993767866
150	0.015848931924611134	1	0.8861432096944699
150	0.015848931924611134	1	0.870939970098435
150	0.015848931924611134	1	0.8933160962801903
150	0.015848931924611134	1	0.8937999375527546
150	0.015848931924611134	1	0.8942690374954607
150	0.015848931924611134	1	0.878795398258603
150	0.015848931924611134	5	0.996552468470853
150	0.015848931924611134	5	0.9984239747803476
150	0.015848931924611134	5	0.9983026333490989
150	0.015848931924611134	5	0.9990204252795618
150	0.015848931924611134	5	0.9972849699472288
150	0.015848931924611134	5	0.9980473384621377
150	0.015848931924611134	10	0.9978362686909494
150	0.015848931924611134	10	0.9994606382806516
150	0.015848931924611134	10	0.999481175315194
150	0.015848931924611134	10	0.9987569685895004
150	0.015848931924611134	10	0.999591643755339
150	0.015848931924611134	10	0.9997067059352999
150	0.015848931924611134	20	0.9996987682083192
150	0.015848931924611134	20	0.9999603742038583
150	0.015848931924611134	20	0.9997579074728504
150	0.015848931924611134	20	0.9999493932320703
150	0.015848931924611134	20	0.9997113408282335
150	0.015848931924611134	20	0.9999436743003571
150	0.015848931924611134	30	0.9999538828735526
150	0.015848931924611134	30	0.9999739980768693
150	0.015848931924611134	30	0.9999942832040021
150	0.015848931924611134	30	0.999986540600165
150	0.015848931924611134	30	0.9996661855126301
150	0.015848931924611134	30	0.9991939326763999
150	0.015848931924611134	40	0.9997545106301758
150	0.015848931924611134	40	0.9999985735156086
150	0.015848931924611134	40	0.9999895590698263
150	0.015848931924611134	40	0.9999891069984137
150	0.015848931924611134	40	0.9999926504515254
150	0.015848931924611134	40	0.999850020213424
150	0.015848931924611134	50	0.9999912867486167
150	0.015848931924611134	50	0.9999994363547713
150	0.015848931924611134	50	0.9999933970080723
150	0.015848931924611134	50	0.9999414820074967
150	0.015848931924611134	50	0.9999754293086472
150	0.015848931924611134	50	0.9999969228926741
150	0.025118864315095794	1	0.8374339102261106
150	0.025118864315095794	1	0.8219771323060248
150	0.025118864315095794	1	0.8298216707815195
150	0.025118864315095794	1	0.8192615559667525
150	0.025118864315095794	1	0.8081673028944103
150	0.025118864315095794	1	0.8177795201231584
150	0.025118864315095794	5	0.9917664150895873
150	0.025118864315095794	5	0.9941565815094121
150	0.025118864315095794	5	0.9854926652791848
150	0.025118864315095794	5	0.9922283046164128
150	0.025118864315095794	5	0.9953333375917084
150	0.025118864315095794	5	0.989419726511268
150	0.025118864315095794	10	0.9982024040829901
150	0.025118864315095794	10	0.9947605509847848
150	0.025118864315095794	10	0.9947123804802405
150	0.025118864315095794	10	0.995416381831873
150	0.025118864315095794	10	0.9990285580972387
150	0.025118864315095794	10	0.9990322372416747
150	0.025118864315095794	20	0.9996640701337528
150	0.025118864315095794	20	0.9995868728922841
150	0.025118864315095794	20	0.9995841763498355
150	0.025118864315095794	20	0.9993298597748331
150	0.025118864315095794	20	0.9998254316716519
150	0.025118864315095794	20	0.999033334823053
150	0.025118864315095794	30	0.9996803886673408
150	0.025118864315095794	30	0.998340304908797
150	0.025118864315095794	30	0.9996469035894641
150	0.025118864315095794	30	0.9995572483582801
150	0.025118864315095794	30	0.999856197862585
150	0.025118864315095794	30	0.9994936037898817
150	0.025118864315095794	40	0.9988488546272597
150	0.025118864315095794	40	0.9992154985737882
150	0.025118864315095794	40	0.9987219692257491
150	0.025118864315095794	40	0.9994992616773507
150	0.025118864315095794	40	0.9998326980588798
150	0.025118864315095794	40	0.999925146072581
150	0.025118864315095794	50	0.9990297391894534
150	0.025118864315095794	50	0.9988252095005234
150	0.025118864315095794	50	0.999898036466843
150	0.025118864315095794	50	0.9999841630594924
150	0.025118864315095794	50	0.9989690743988485
150	0.025118864315095794	50	0.999934960776615
150	0.039810717055349734	1	0.7228445506167929
150	0.039810717055349734	1	0.7108199769546806
150	0.039810717055349734	1	0.7378995056869214
150	0.039810717055349734	1	0.7336315660052184
150	0.039810717055349734	1	0.7386563872211065
150	0.039810717055349734	1	0.729242451311096
150	0.039810717055349734	5	0.9646768791529415
150	0.039810717055349734	5	0.9679205007641365
150	0.039810717055349734	5	0.9626146348433778
150	0.039810717055349734	5	0.9739574327628738
150	0.039810717055349734	5	0.9700368661124575
150	0.039810717055349734	5	0.9745508684177895
150	0.039810717055349734	10	0.9918280846320272
150	0.039810717055349734	10	0.9919992037850748
150	0.039810717055349734	10	0.9840419299495694
150	0.039810717055349734	10	0.9778552750624971
150	0.039810717055349734	10	0.9941541243987401
150	0.039810717055349734	10	0.990283241360896
150	0.039810717055349734	20	0.9963463091653997
150	0.039810717055349734	20	0.9904579477849903
150	0.039810717055349734	20	0.9916180996372533
150	0.039810717055349734	20	0.9964644143854808
150	0.039810717055349734	20	0.996231041247422
150	0.039810717055349734	20	0.9917411660773479
150	0.039810717055349734	30	0.9902940367311838
150	0.039810717055349734	30	0.9905694923232227
150	0.039810717055349734	30	0.9882185132389659
150	0.039810717055349734	30	0.990344140831701
150	0.039810717055349734	30	0.9847673462803771
150	0.039810717055349734	30	0.9969788672933656
150	0.039810717055349734	40	0.9981576929380587
150	0.039810717055349734	40	0.9952890852312694
150	0.039810717055349734	40	0.9942214606926557
150	0.039810717055349734	40	0.996081944455339
150	0.039810717055349734	40	0.9910176777429124
150	0.039810717055349734	40	0.9924291565660162
150	0.039810717055349734	50	0.9904943307259544
150	0.039810717055349734	50	0.9948122398436542
150	0.039810717055349734	50	0.9963551177972637
150	0.039810717055349734	50	0.9912888442100839
150	0.039810717055349734	50	0.9942909521323473
150	0.039810717055349734	50	0.9986751631306986
150	0.06309573444801933	1	0.6424389291496794
150	0.06309573444801933	1	0.6371879877534031
150	0.06309573444801933	1	0.6666188360940306
150	0.06309573444801933	1	0.6473446815759182
150	0.06309573444801933	1	0.6490377649122203
150	0.06309573444801933	1	0.6421818628205154
150	0.06309573444801933	5	0.8883556049794913
150	0.06309573444801933	5	0.9089958392721624
150	0.06309573444801933	5	0.8953582851107266
150	0.06309573444801933	5	0.8904309467659294
150	0.06309573444801933	5	0.917162821054742
150	0.06309573444801933	5	0.9034750978935105
150	0.06309573444801933	10	0.9285429142547175
150	0.06309573444801933	10	0.9347945660680504
150	0.06309573444801933	10	0.9353954696055561
150	0.06309573444801933	10	0.933253845237746
150	0.06309573444801933	10	0.9108097275384142
150	0.06309573444801933	10	0.9275410881118223
150	0.06309573444801933	20	0.9710613467092418
150	0.06309573444801933	20	0.9721944969786058
150	0.06309573444801933	20	0.9716153754910676
150	0.06309573444801933	20	0.9692007068116174
150	0.06309573444801933	20	0.9433922916747544
150	0.06309573444801933	20	0.9608690359684394
150	0.06309573444801933	30	0.9776591023608144
150	0.06309573444801933	30	0.965277882528416
150	0.06309573444801933	30	0.9718974130742272
150	0.06309573444801933	30	0.9743355208083361
150	0.06309573444801933	30	0.9762865219209805
150	0.06309573444801933	30	0.9693183947879564
150	0.06309573444801933	40	0.9794109562997113
150	0.06309573444801933	40	0.9713014059957902
150	0.06309573444801933	40	0.9743998242723871
150	0.06309573444801933	40	0.9770212624764174
150	0.06309573444801933	40	0.9503473195036786
150	0.06309573444801933	40	0.9671765566985004
150	0.06309573444801933	50	0.9804045022383006
150	0.06309573444801933	50	0.9490392998990909
150	0.06309573444801933	50	0.9670296452512289
150	0.06309573444801933	50	0.955507929622638
150	0.06309573444801933	50	0.9722734340317826
150	0.06309573444801933	50	0.9698445277860828
150	0.1	1	0.5728509412120741
150	0.1	1	0.5779246280385846
150	0.1	1	0.5951887801090703
150	0.1	1	0.5743500871585012
150	0.1	1	0.593672975232633
150	0.1	1	0.5759550798607302
150	0.1	5	0.7471088080769331
150	0.1	5	0.7858571644530988
150	0.1	5	0.7841145153385333
150	0.1	5	0.7698606611147945
150	0.1	5	0.7468388947205716
150	0.1	5	0.7698580426494525
150	0.1	10	0.8049605319620322
150	0.1	10	0.8645212169324278
150	0.1	10	0.824400908938007
150	0.1	10	0.8476814827873226
150	0.1	10	0.8544214952395283
150	0.1	10	0.8424897758526656
150	0.1	20	0.8904337759949913
150	0.1	20	0.8818037492026841
150	0.1	20	0.8869123152570706
150	0.1	20	0.864227073653013
150	0.1	20	0.8803887054862958
150	0.1	20	0.8573884807267382
150	0.1	30	0.8397086929464557
150	0.1	30	0.9251037539104764
150	0.1	30	0.8652462722711163
150	0.1	30	0.9091497745788389
150	0.1	30	0.8874263509076628
150	0.1	30	0.8604295598679477
150	0.1	40	0.9151368763295638
150	0.1	40	0.8738215103270823
150	0.1	40	0.8794300639894775
150	0.1	40	0.8950623155352675
150	0.1	40	0.9245038835293575
150	0.1	40	0.9310335603603519
150	0.1	50	0.9060755959527113
150	0.1	50	0.9195855193283068
150	0.1	50	0.8895182831115571
150	0.1	50	0.9157843324688095
150	0.1	50	0.9075718688069333
150	0.1	50	0.8973016803712683
150	0.15848931924611143	1	0.5422233873599149
150	0.15848931924611143	1	0.5428941033411209
150	0.15848931924611143	1	0.5453064127202629
150	0.15848931924611143	1	0.5454428500870214
150	0.15848931924611143	1	0.5450900514995435
150	0.15848931924611143	1	0.5373244927680689
150	0.15848931924611143	5	0.6463992740984437
150	0.15848931924611143	5	0.693857787037716
150	0.15848931924611143	5	0.6861919671971582
150	0.15848931924611143	5	0.6360545925546687
150	0.15848931924611143	5	0.6636917449882731
150	0.15848931924611143	5	0.6970679758748769
150	0.15848931924611143	10	0.732797444998412
150	0.15848931924611143	10	0.7949768917285727
150	0.15848931924611143	10	0.7529105878474902
150	0.15848931924611143	10	0.777685139960107
150	0.15848931924611143	10	0.72786719764822
150	0.15848931924611143	10	0.7724440739696683
150	0.15848931924611143	20	0.8307940989738578
150	0.15848931924611143	20	0.780256439671456
150	0.15848931924611143	20	0.7708235544922023
150	0.15848931924611143	20	0.8010000659043985
150	0.15848931924611143	20	0.8573033673163242
150	0.15848931924611143	20	0.7719643158375463
150	0.15848931924611143	30	0.7881886429106738
150	0.15848931924611143	30	0.7659344371642872
150	0.15848931924611143	30	0.7585040162906639
150	0.15848931924611143	30	0.7777537000467307
150	0.15848931924611143	30	0.8353108888540354
150	0.15848931924611143	30	0.7536906860389962
150	0.15848931924611143	40	0.8438089022220435
150	0.15848931924611143	40	0.8200885252722181
150	0.15848931924611143	40	0.8052230091085978
150	0.15848931924611143	40	0.8011615767612195
150	0.15848931924611143	40	0.8525225243632044
150	0.15848931924611143	40	0.8182280726544525
150	0.15848931924611143	50	0.8070985032963729
150	0.15848931924611143	50	0.8320796301248856
150	0.15848931924611143	50	0.7913778166596193
150	0.15848931924611143	50	0.7730185684637534
150	0.15848931924611143	50	0.8391498540100109
150	0.15848931924611143	50	0.788976334794931
150	0.25118864315095807	1	0.5285474120382242
150	0.25118864315095807	1	0.52658527353795
150	0.25118864315095807	1	0.5292579172563193
150	0.25118864315095807	1	0.5274698147217655
150	0.25118864315095807	1	0.5209345279483846
150	0.25118864315095807	1	0.5270414145817054
150	0.25118864315095807	5	0.5894426720167067
150	0.25118864315095807	5	0.5743890385135386
150	0.25118864315095807	5	0.5809331558442693
150	0.25118864315095807	5	0.6167191583541939
150	0.25118864315095807	5	0.5941008610494198
150	0.25118864315095807	5	0.5923644811368362
150	0.25118864315095807	10	0.6475695290089164
150	0.25118864315095807	10	0.6574207468859851
150	0.25118864315095807	10	0.6413283631485414
150	0.25118864315095807	10	0.6566401002009011
150	0.25118864315095807	10	0.6145102744066933
150	0.25118864315095807	10	0.6774039442684281
150	0.25118864315095807	20	0.6862717826485702
150	0.25118864315095807	20	0.6982153706858188
150	0.25118864315095807	20	0.6478147883282939
150	0.25118864315095807	20	0.689305372672423
150	0.25118864315095807	20	0.6444024588806259
150	0.25118864315095807	20	0.7254568143938263
150	0.25118864315095807	30	0.7183302655407844
150	0.25118864315095807	30	0.7093475583672139
150	0.25118864315095807	30	0.7128842340525423
150	0.25118864315095807	30	0.6863170033769497
150	0.25118864315095807	30	0.6836041722336639
150	0.25118864315095807	30	0.7150477438818454
150	0.25118864315095807	40	0.671456141812058
150	0.25118864315095807	40	0.6902509451754221
150	0.25118864315095807	40	0.7149383599452459
150	0.25118864315095807	40	0.6576549704091791
150	0.25118864315095807	40	0.7281211142471493
150	0.25118864315095807	40	0.6945570780353719
150	0.25118864315095807	50	0.706618867627831
150	0.25118864315095807	50	0.6870002308058097
150	0.25118864315095807	50	0.7003190452815371
150	0.25118864315095807	50	0.7254788360362259
150	0.25118864315095807	50	0.6853238759736245
150	0.25118864315095807	50	0.6735878860801993
150	0.3981071705534973	1	0.5141284826498338
150	0.3981071705534973	1	0.5157241210973958
150	0.3981071705534973	1	0.5123147004574091
150	0.3981071705534973	1	0.5135950518427045
150	0.3981071705534973	1	0.5190664192670084
150	0.3981071705534973	1	0.5137116608959881
150	0.3981071705534973	5	0.5572903688322695
150	0.3981071705534973	5	0.5446049567437117
150	0.3981071705534973	5	0.5482699299348601
150	0.3981071705534973	5	0.5776822455400289
150	0.3981071705534973	5	0.5529028435474648
150	0.3981071705534973	5	0.5472310597540726
150	0.3981071705534973	10	0.5717671140177412
150	0.3981071705534973	10	0.6081750988152179
150	0.3981071705534973	10	0.5472373305330386
150	0.3981071705534973	10	0.5796849762048426
150	0.3981071705534973	10	0.5690937770390084
150	0.3981071705534973	10	0.5748697909974588
150	0.3981071705534973	20	0.5895400741590496
150	0.3981071705534973	20	0.611499352051038
150	0.3981071705534973	20	0.5938407483946891
150	0.3981071705534973	20	0.609763276567897
150	0.3981071705534973	20	0.6445976344799277
150	0.3981071705534973	20	0.5774263988258929
150	0.3981071705534973	30	0.6732178918211574
150	0.3981071705534973	30	0.6102661421516158
150	0.3981071705534973	30	0.6208882366900338
150	0.3981071705534973	30	0.6556536278458579
150	0.3981071705534973	30	0.6671527442879276
150	0.3981071705534973	30	0.5803215480712322
150	0.3981071705534973	40	0.6440639958025638
150	0.3981071705534973	40	0.6230883754065486
150	0.3981071705534973	40	0.6260665243084663
150	0.3981071705534973	40	0.61525806517013
150	0.3981071705534973	40	0.6289894331272953
150	0.3981071705534973	40	0.624702422112205
150	0.3981071705534973	50	0.6792498853593505
150	0.3981071705534973	50	0.6182097735444434
150	0.3981071705534973	50	0.6084999297127263
150	0.3981071705534973	50	0.6521705323107222
150	0.3981071705534973	50	0.6785526338236245
150	0.3981071705534973	50	0.6330060435647611
150	0.6309573444801934	1	0.5089020829486921
150	0.6309573444801934	1	0.5074216861191894
150	0.6309573444801934	1	0.5160999601173791
150	0.6309573444801934	1	0.5072914387746369
150	0.6309573444801934	1	0.5107713037011763
150	0.6309573444801934	1	0.5106534720091679
150	0.6309573444801934	5	0.5512213741710449
150	0.6309573444801934	5	0.5244495661390841
150	0.6309573444801934	5	0.543018209277577
150	0.6309573444801934	5	0.5233296628196908
150	0.6309573444801934	5	0.5417131029478012
150	0.6309573444801934	5	0.5291754648776973
150	0.6309573444801934	10	0.5482287445267279
150	0.6309573444801934	10	0.5335224347303997
150	0.6309573444801934	10	0.5683393726211994
150	0.6309573444801934	10	0.5276801045249392
150	0.6309573444801934	10	0.5478001868476355
150	0.6309573444801934	10	0.5524439584703922
150	0.6309573444801934	20	0.5593412818698356
150	0.6309573444801934	20	0.5986770553676612
150	0.6309573444801934	20	0.5965263240429078
150	0.6309573444801934	20	0.5831416761571099
150	0.6309573444801934	20	0.5650931857565941
150	0.6309573444801934	20	0.5818722178402153
150	0.6309573444801934	30	0.5575204023334241
150	0.6309573444801934	30	0.5610384807195834
150	0.6309573444801934	30	0.5926523251907267
150	0.6309573444801934	30	0.5618252295382734
150	0.6309573444801934	30	0.581862871456681
150	0.6309573444801934	30	0.5866846120981376
150	0.6309573444801934	40	0.6157251607639851
150	0.6309573444801934	40	0.6144790228941721
150	0.6309573444801934	40	0.56729724796798
150	0.6309573444801934	40	0.5628591021873872
150	0.6309573444801934	40	0.5627399534762161
150	0.6309573444801934	40	0.5823083974819839
150	0.6309573444801934	50	0.6057445412758556
150	0.6309573444801934	50	0.5568193351715615
150	0.6309573444801934	50	0.5940670402514245
150	0.6309573444801934	50	0.5726237407980851
150	0.6309573444801934	50	0.6124667952614877
150	0.6309573444801934	50	0.5729052187214133
150	1.0	1	0.5046643186277779
150	1.0	1	0.5061894301223582
150	1.0	1	0.505567526486373
150	1.0	1	0.5097057664504293
150	1.0	1	0.504736358153592
150	1.0	1	0.5052572886076457
150	1.0	5	0.5122121318346403
150	1.0	5	0.5129389868681794
150	1.0	5	0.5073947710178938
150	1.0	5	0.5146081879515018
150	1.0	5	0.5346999055451357
150	1.0	5	0.5192570051794461
150	1.0	10	0.5356032622905108
150	1.0	10	0.5423485812305104
150	1.0	10	0.5251132759050519
150	1.0	10	0.5441889850870193
150	1.0	10	0.5135799315384404
150	1.0	10	0.5329883940825599
150	1.0	20	0.5416282024642604
150	1.0	20	0.5283774057049333
150	1.0	20	0.5416453204785502
150	1.0	20	0.5506909234387757
150	1.0	20	0.5373973855539014
150	1.0	20	0.5642900220276251
150	1.0	30	0.5636691542339903
150	1.0	30	0.5302559080226021
150	1.0	30	0.5572653204007073
150	1.0	30	0.5455061908347894
150	1.0	30	0.5255539104539192
150	1.0	30	0.5483727002069594
150	1.0	40	0.5348001593723767
150	1.0	40	0.5396419852479591
150	1.0	40	0.5245415385699217
150	1.0	40	0.5358246596321222
150	1.0	40	0.5432399140262926
150	1.0	40	0.5438718354044816
150	1.0	50	0.5820842585305633
150	1.0	50	0.5080964240929037
150	1.0	50	0.5472499428019509
150	1.0	50	0.5342440787413794
150	1.0	50	0.5623427898745335
150	1.0	50	0.5368837176825146
200	0.01	1	0.929475710305005
200	0.01	1	0.9289840994847534
200	0.01	1	0.932855754825646
200	0.01	1	0.9283214303418421
200	0.01	1	0.9389457936971527
200	0.01	1	0.9300345654209877
200	0.01	5	0.9995859998199808
200	0.01	5	0.9992377594877636
200	0.01	5	0.9996969418956226
200	0.01	5	0.9997151377495812
200	0.01	5	0.9997506876384858
200	0.01	5	0.999839341908173
200	0.01	10	0.9999415034561372
200	0.01	10	0.9999585961202992
200	0.01	10	0.9998890377687063
200	0.01	10	0.9999195141429148
200	0.01	10	0.9998896931310214
200	0.01	10	0.999838028599107
200	0.01	20	0.9999804374292338
200	0.01	20	0.9999776017872567
200	0.01	20	0.9999490466079297
200	0.01	20	0.9999895917381908
200	0.01	20	0.9999887614271524
200	0.01	20	0.9999942173296713
200	0.01	30	0.9999998361055393
200	0.01	30	0.9999994189087364
200	0.01	30	0.9999842463622122
200	0.01	30	0.9999971664557762
200	0.01	30	0.999999407725269
200	0.01	30	0.9999964204747818
200	0.01	40	0.9999974447471227
200	0.01	40	0.9999993099443162
200	0.01	40	0.9999995699889441
200	0.01	40	0.9999999630645131
200	0.01	40	0.9999999786072442
200	0.01	40	0.9999998889845363
200	0.01	50	0.999999957198576
200	0.01	50	0.999999873655848
200	0.01	50	0.9999999910531456
200	0.01	50	0.9999998605153081
200	0.01	50	0.9999998597006071
200	0.01	50	0.9999999901382975
200	0.015848931924611134	1	0.882386287495876
200	0.015848931924611134	1	0.8848235017861606
200	0.015848931924611134	1	0.8896721974586865
200	0.015848931924611134	1	0.8899257678304948
200	0.015848931924611134	1	0.8892997935728632
200	0.015848931924611134	1	0.8900533012049954
200	0.015848931924611134	5	0.99716502570563
200	0.015848931924611134	5	0.9970745339599113
200	0.015848931924611134	5	0.9981604459730667
200	0.015848931924611134	5	0.9988347807381813
200	0.015848931924611134	5	0.9973157735285143
200	0.015848931924611134	5	0.9988053679511899
200	0.015848931924611134	10	0.9998432052127856
200	0.015848931924611134	10	0.9995919560996537
200	0.015848931924611134	10	0.999813569279723
200	0.015848931924611134	10	0.9996992454390163
200	0.015848931924611134	10	0.999774211137237
200	0.015848931924611134	10	0.9985686821434105
200	0.015848931924611134	20	0.999906093922754
200	0.015848931924611134	20	0.9998945554980955
200	0.015848931924611134	20	0.9999754683185974
200	0.015848931924611134	20	0.9995464410378808
200	0.015848931924611134	20	0.9998379577566785
200	0.015848931924611134	20	0.999783325037248
200	0.015848931924611134	30	0.9999666094828846
200	0.015848931924611134	30	0.9999646584945592
200	0.015848931924611134	30	0.9999847145562606
200	0.015848931924611134	30	0.9999482377851783
200	0.015848931924611134	30	0.9989371194677106
200	0.015848931924611134	30	0.9999028501238992
200	0.015848931924611134	40	0.9999900275415337
200	0.015848931924611134	40	0.9999847331674895
200	0.015848931924611134	40	0.9999887526193301
200	0.015848931924611134	40	0.9999924724000848
200	0.015848931924611134	40	0.9999927663379322
200	0.015848931924611134	40	0.9999842875996022
200	0.015848931924611134	50	0.9999443179355516
200	0.015848931924611134	50	0.9999985594992348
200	0.015848931924611134	50	0.9999966101424624
200	0.015848931924611134	50	0.999990104652378
200	0.015848931924611134	50	0.9999991053253563
200	0.015848931924611134	50	0.999761126214161
200	0.025118864315095794	1	0.8103728984997646
200	0.025118864315095794	1	0.8155226266862481
200	0.025118864315095794	1	0.8275496117711184
200	0.025118864315095794	1	0.8323125367648502
200	0.025118864315095794	1	0.7894707182649913
200	0.025118864315095794	1	0.8160033388946943
200	0.025118864315095794	5	0.9907291436499006
200	0.025118864315095794	5	0.9935728277282654
200	0.025118864315095794	5	0.992867377859815
200	0.025118864315095794	5	0.9909240773323171
200	0.025118864315095794	5	0.9879953061403486
200	0.025118864315095794	5	0.9894556526550659
200	0.025118864315095794	10	0.9984167741888227
200	0.025118864315095794	10	0.9974073469804017
200	0.025118864315095794	10	0.9966246419052308
200	0.025118864315095794	10	0.9963037749552118
200	0.025118864315095794	10	0.9986278507922537
200	0.025118864315095794	10	0.9966436286672712
200	0.025118864315095794	20	0.9988754345247285
200	0.025118864315095794	20	0.9977145340875593
200	0.025118864315095794	20	0.9989774133434826
200	0.025118864315095794	20	0.9994778464880046
200	0.025118864315095794	20	0.9982252407880992
200	0.025118864315095794	20	0.9987489113629818
200	0.025118864315095794	30	0.9978001086697753
200	0.025118864315095794	30	0.998127565887812
200	0.025118864315095794	30	0.9992353865710082
200	0.025118864315095794	30	0.9996292383565477
200	0.025118864315095794	30	0.9993036794711412
200	0.025118864315095794	30	0.9995023086972941
200	0.025118864315095794	40	0.999623584849824
200	0.025118864315095794	40	0.9999417895689482
200	0.025118864315095794	40	0.9992746870718631
200	0.025118864315095794	40	0.9991100783800099
200	0.025118864315095794	40	0.9990997837882455
200	0.025118864315095794	40	0.9982638335548649
200	0.025118864315095794	50	0.9993491097804044
200	0.025118864315095794	50	0.9998640700551049
200	0.025118864315095794	50	0.9999333668598938
200	0.025118864315095794	50	0.997751003625947
200	0.025118864315095794	50	0.9996557769432272
200	0.025118864315095794	50	0.9982894531280088
200	0.039810717055349734	1	0.7224846177682709
200	0.039810717055349734	1	0.7473758180213776
200	0.039810717055349734	1	0.7149324912140037
200	0.039810717055349734	1	0.7597794650450636
200	0.039810717055349734	1	0.7176835235235203
200	0.039810717055349734	1	0.7255898821710983
200	0.039810717055349734	5	0.9731629398092826
200	0.039810717055349734	5	0.9530289383504383
200	0.039810717055349734	5	0.9735086209991759
200	0.039810717055349734	5	0.9539672826591117
200	0.039810717055349734	5	0.9644194133234381
200	0.039810717055349734	5	0.9478940365891543
200	0.039810717055349734	10	0.9858439463712376
200	0.039810717055349734	10	0.9880893520148127
200	0.039810717055349734	10	0.9847557618651228
200	0.039810717055349734	10	0.9909306777133956
200	0.039810717055349734	10	0.9879612901500436
200	0.039810717055349734	10	0.9776642485735415
200	0.039810717055349734	20	0.9950784373682611
200	0.039810717055349734	20	0.9945016953961112
200	0.039810717055349734	20	0.9929593097682573
200	0.039810717055349734	20	0.9856537662682933
200	0.039810717055349734	20	0.9910785055227155
200	0.039810717055349734	20	0.9894532528541748
200	0.039810717055349734	30	0.9986152848218041
200	0.039810717055349734	30	0.994314727689156
200	0.039810717055349734	30	0.9901005481857729
200	0.039810717055349734	30	0.9931653407833875
200	0.039810717055349734	30	0.9912667441923714
200	0.039810717055349734	30	0.9932594744032562
200	0.039810717055349734	40	0.9936014658268204
200	0.039810717055349734	40	0.9953713056361387
200	0.039810717055349734	40	0.9952676047303223
200	0.039810717055349734	40	0.9927884650568819
200	0.039810717055349734	40	0.9974282369467302
200	0.039810717055349734	40	0.9937220022488121
200	0.039810717055349734	50	0.9941806922990986
200	0.039810717055349734	50	0.9967644209705792
200	0.039810717055349734	50	0.9955806661657192
200	0.039810717055349734	50	0.9929452207721438
200	0.039810717055349734	50	0.9981829142169456
200	0.039810717055349734	50	0.9957774853198338
200	0.06309573444801933	1	0.6546909257106819
200	0.06309573444801933	1	0.6285640294419379
200	0.06309573444801933	1	0.6293175391661687
200	0.06309573444801933	1	0.658852906016482
200	0.06309573444801933	1	0.629103752159829
200	0.06309573444801933	1	0.6399179888519299
200	0.06309573444801933	5	0.9059421887699769
200	0.06309573444801933	5	0.8944369796975462
200	0.06309573444801933	5	0.8976067062033333
200	0.06309573444801933	5	0.8943129462063155
200	0.06309573444801933	5	0.8837452638403436
200	0.06309573444801933	5	0.8973523478003286
200	0.06309573444801933	10	0.9512718209226244
200	0.06309573444801933	10	0.9331064107948295
200	0.06309573444801933	10	0.9200944006939458
200	0.06309573444801933	10	0.9695787035553298
200	0.06309573444801933	10	0.8947539764696669
200	0.06309573444801933	10	0.9549070210025813
200	0.06309573444801933	20	0.9597866358517715
200	0.06309573444801933	20	0.94781919143313
200	0.06309573444801933	20	0.9705773738020255
200	0.06309573444801933	20	0.9663339192136233
200	0.06309573444801933	20	0.9593236449639684
200	0.06309573444801933	20	0.9525296405975505
200	0.06309573444801933	30	0.9679933146143692
200	0.06309573444801933	30	0.9846276647658417
200	0.06309573444801933	30	0.9754326596857856
200	0.06309573444801933	30	0.9716073403835681
200	0.06309573444801933	30	0.9824650400861779
200	0.06309573444801933	30	0.9747663775776936
200	0.06309573444801933	40	0.9735248399972675
200	0.06309573444801933	40	0.9732679892094055
200	0.06309573444801933	40	0.9700655461855608
200	0.06309573444801933	40	0.9738576785128131
200	0.06309573444801933	40	0.9692096360649061
200	0.06309573444801933	40	0.9775820708805669
200	0.06309573444801933	50	0.94649652729891
200	0.06309573444801933	50	0.9715514465252975
200	0.06309573444801933	50	0.9809550491517375
200	0.06309573444801933	50	0.9723623537559521
200	0.06309573444801933	50	0.9616168846270016
200	0.06309573444801933	50	0.966057179799319
200	0.1	1	0.5848802168270724
200	0.1	1	0.595865965381082
200	0.1	1	0.5703310002059094
200	0.1	1	0.586158431091983
200	0.1	1	0.576087116702598
200	0.1	1	0.5837142897233905
200	0.1	5	0.7849537796490867
200	0.1	5	0.7692947052382909
200	0.1	5	0.7830432313339801
200	0.1	5	0.7963816411830915
200	0.1	5	0.8021584700599567
200	0.1	5	0.7745006007599673
200	0.1	10	0.860320181519358
200	0.1	10	0.836406071321933
200	0.1	10	0.8566603717454434
200	0.1	10	0.8426434601488224
200	0.1	10	0.823246092731965
200	0.1	10	0.8558314901708165
200	0.1	20	0.8894637912755153
200	0.1	20	0.9077619591804408
200	0.1	20	0.8368945653178368
200	0.1	20	0.8780708104252811
200	0.1	20	0.900179611641668
200	0.1	20	0.8943999929346474
200	0.1	30	0.9100289198213517
200	0.1	30	0.9194101908464947
200	0.1	30	0.9106653788247515
200	0.1	30	0.8600857786774995
200	0.1	30	0.9115110068441549
200	0.1	30	0.86798990600303
200	0.1	40	0.9148443707540542
200	0.1	40	0.8776120019047651
200	0.1	40	0.9295660730776323
200	0.1	40	0.9169199647766092
200	0.1	40	0.9001308667984073
200	0.1	40	0.8748792028759116
200	0.1	50	0.8954558243055789
200	0.1	50	0.946241667703431
200	0.1	50	0.9352914246329543
200	0.1	50	0.9276138497204007
200	0.1	50	0.9204040792648897
200	0.1	50	0.9047652139585617
200	0.15848931924611143	1	0.5647638317229026
200	0.15848931924611143	1	0.5541409846809295
200	0.15848931924611143	1	0.5472529792737783
200	0.15848931924611143	1	0.5519017881007211
200	0.15848931924611143	1	0.5411036802165262
200	0.15848931924611143	1	0.5423584429193664
200	0.15848931924611143	5	0.6993082483993068
200	0.15848931924611143	5	0.6751466669640342
200	0.15848931924611143	5	0.6362871599066634
200	0.15848931924611143	5	0.6481775274054388
200	0.15848931924611143	5	0.6980859328114295
200	0.15848931924611143	5	0.663496551393901
200	0.15848931924611143	10	0.7240380243352068
200	0.15848931924611143	10	0.7527153349613499
200	0.15848931924611143	10	0.7351821888945367
200	0.15848931924611143	10	0.782432264926879
200	0.15848931924611143	10	0.7393655351969496
200	0.15848931924611143	10	0.7465635918517225
200	0.15848931924611143	20	0.7626055586042643
200	0.15848931924611143	20	0.8237965976956765
200	0.15848931924611143	20	0.7992472236834391
200	0.15848931924611143	20	0.7528552147499971
200	0.15848931924611143	20	0.7562443448705856
200	0.15848931924611143	20	0.7411577276409663
200	0.15848931924611143	30	0.8036559782179212
200	0.15848931924611143	30	0.8287474417890328
200	0.15848931924611143	30	0.7695205307110633
200	0.15848931924611143	30	0.762390041443307
200	0.15848931924611143	30	0.8249377210362827
200	0.15848931924611143	30	0.772071230554366
200	0.15848931924611143	40	0.8039066709730768
200	0.15848931924611143	40	0.8125690367058487
200	0.15848931924611143	40	0.8165051029469655
200	0.15848931924611143	40	0.7780618444263293
200	0.15848931924611143	40	0.7935978066911888
200	0.15848931924611143	40	0.7522649007733767
200	0.15848931924611143	50	0.8339612492433673
200	0.15848931924611143	50	0.7768359703658689
200	0.15848931924611143	50	0.8160966589492273
200	0.15848931924611143	50	0.7776465190030397
200	0.15848931924611143	50	0.8176484185819147
200	0.15848931924611143	50	0.8210898891387113
200	0.25118864315095807	1	0.5266570815591977
200	0.25118864315095807	1	0.5244745991733314
200	0.25118864315095807	1	0.5210542835044003
200	0.25118864315095807	1	0.5222227591752764
200	0.25118864315095807	1	0.5235828107185078
200	0.25118864315095807	1	0.5198420042036951
200	0.25118864315095807	5	0.5875580627044847
200	0.25118864315095807	5	0.5895019938938768
200	0.25118864315095807	5	0.6058448177900165
200	0.25118864315095807	5	0.6077412753937312
200	0.25118864315095807	5	0.5871348556478205
200	0.25118864315095807	5	0.5953793448277437
200	0.25118864315095807	10	0.6337435507499168
200	0.25118864315095807	10	0.7026747773534048
200	0.25118864315095807	10	0.6020587168275776
200	0.25118864315095807	10	0.6532628285507576
200	0.25118864315095807	10	0.617805822473507
200	0.25118864315095807	10	0.6721267849545781
200	0.25118864315095807	20	0.7132022339528978
200	0.25118864315095807	20	0.6827332796829634
200	0.25118864315095807	20	0.671684816389794
200	0.25118864315095807	20	0.6886839584215582
200	0.25118864315095807	20	0.6651684440640608
200	0.25118864315095807	20	0.6717135540710603
200	0.25118864315095807	30	0.6975417865625129
200	0.25118864315095807	30	0.6971319275845591
200	0.25118864315095807	30	0.7275409163088441
200	0.25118864315095807	30	0.6509400527261852
200	0.25118864315095807	30	0.6513254870950973
200	0.25118864315095807	30	0.7544136989292622
200	0.25118864315095807	40	0.6641621354144222
200	0.25118864315095807	40	0.6984799686895803
200	0.25118864315095807	40	0.7361611777979425
200	0.25118864315095807	40	0.7091752189543777
200	0.25118864315095807	40	0.731479844193085
200	0.25118864315095807	40	0.6791038041726012
200	0.25118864315095807	50	0.710365763663736
200	0.25118864315095807	50	0.7094796098226757
200	0.25118864315095807	50	0.6868394274999654
200	0.25118864315095807	50	0.7178739852198335
200	0.25118864315095807	50	0.7616563384440388
200	0.25118864315095807	50	0.6852195373185765
200	0.3981071705534973	1	0.5192822107353696
200	0.3981071705534973	1	0.5163672286337924
200	0.3981071705534973	1	0.513644058084499
200	0.3981071705534973	1	0.5101074538472644
200	0.3981071705534973	1	0.5153374816092461
200	0.3981071705534973	1	0.5119689816704869
200	0.3981071705534973	5	0.5378536764393501
200	0.3981071705534973	5	0.5591615725318473
200	0.3981071705534973	5	0.5462925058653891
200	0.3981071705534973	5	0.5573621726787712
200	0.3981071705534973	5	0.5606430749478115
200	0.3981071705534973	5	0.5548081205516022
200	0.3981071705534973	10	0.5845854826465513
200	0.3981071705534973	10	0.5948717695952387
200	0.3981071705534973	10	0.6092359509752222
200	0.3981071705534973	10	0.5868449970010158
200	0.3981071705534973	10	0.5951501026521291
200	0.3981071705534973	10	0.5806228663074389
200	0.3981071705534973	20	0.6329717759547406
200	0.3981071705534973	20	0.6292329031313467
200	0.3981071705534973	20	0.6074133528450854
200	0.3981071705534973	20	0.6166626583465856
200	0.3981071705534973	20	0.6078931785040257
200	0.3981071705534973	20	0.6013567249872674
200	0.3981071705534973	30	0.6156107554448013
200	0.3981071705534973	30	0.6266524922325879
200	0.3981071705534973	30	0.6296938373645109
200	0.3981071705534973	30	0.6384927156497799
200	0.3981071705534973	30	0.6132228988690122
200	0.3981071705534973	30	0.618238780228403
200	0.3981071705534973	40	0.6060608592846609
200	0.3981071705534973	40	0.6443835148627632
200	0.3981071705534973	40	0.6035828843833951
200	0.3981071705534973	40	0.6230174330062633
200	0.3981071705534973	40	0.6086583641207813
200	0.3981071705534973	40	0.6358261720086672
200	0.3981071705534973	50	0.6224701639459084
200	0.3981071705534973	50	0.6391195024541305
200	0.3981071705534973	50	0.6423312912287087
200	0.3981071705534973	50	0.6175774523917896
200	0.3981071705534973	50	0.625621955514311
200	0.3981071705534973	50	0.6350104613862602
200	0.6309573444801934	1	0.5091365914232091
200	0.6309573444801934	1	0.5091417827164048
200	0.6309573444801934	1	0.5114837929569385
200	0.6309573444801934	1	0.5106290340157568
200	0.6309573444801934	1	0.509125849979374
200	0.6309573444801934	1	0.5104588193697923
200	0.6309573444801934	5	0.5320210312555353
200	0.6309573444801934	5	0.5404690144336841
200	0.6309573444801934	5	0.5380307193106868
200	0.6309573444801934	5	0.5343613450893987
200	0.6309573444801934	5	0.5332459132996422
200	0.6309573444801934	5	0.5214879751200958
200	0.6309573444801934	10	0.5560127593122273
200	0.6309573444801934	10	0.5457407371866039
200	0.6309573444801934	10	0.5425666860554781
200	0.6309573444801934	10	0.551966647650713
200	0.6309573444801934	10	0.5510980320296223
200	0.6309573444801934	10	0.5405013756911055
200	0.6309573444801934	20	0.5601633596383474
200	0.6309573444801934	20	0.5900085970814958
200	0.6309573444801934	20	0.5692535839105038
200	0.6309573444801934	20	0.5945093565401096
200	0.6309573444801934	20	0.5553011202295919
200	0.6309573444801934	20	0.5554335671113505
200	0.6309573444801934	30	0.5794340591028476
200	0.6309573444801934	30	0.5769262012083066
200	0.6309573444801934	30	0.578102629321846
200	0.6309573444801934	30	0.6047582142933008
200	0.6309573444801934	30	0.5667466546119253
200	0.6309573444801934	30	0.5803904302988824
200	0.6309573444801934	40	0.5594865769916005
200	0.6309573444801934	40	0.5837873361260029
200	0.6309573444801934	40	0.5723698735549461
200	0.6309573444801934	40	0.5867432380124691
200	0.6309573444801934	40	0.5429147392557674
200	0.6309573444801934	40	0.5779182000664128
200	0.6309573444801934	50	0.581371483392792
200	0.6309573444801934	50	0.5706599355531806
200	0.6309573444801934	50	0.5972461385475033
200	0.6309573444801934	50	0.5968309698564889
200	0.6309573444801934	50	0.5819186250424652
200	0.6309573444801934	50	0.5738486899662262
200	1.0	1	0.5075297293645277
200	1.0	1	0.5048475943323156
200	1.0	1	0.5068703048949779
200	1.0	1	0.5053731692103907
200	1.0	1	0.5056700682593477
200	1.0	1	0.5073733117455494
200	1.0	5	0.5171880006222366
200	1.0	5	0.5204023185568134
200	1.0	5	0.5178331302654696
200	1.0	5	0.5261221118471019
200	1.0	5	0.5195637956327713
200	1.0	5	0.5152385957542837
200	1.0	10	0.5314091344802617
200	1.0	10	0.536388916756327
200	1.0	10	0.5212489642503627
200	1.0	10	0.5248280804307569
200	1.0	10	0.5356817348084507
200	1.0	10	0.5308325203562727
200	1.0	20	0.559281630909589
200	1.0	20	0.5220579377615767
200	1.0	20	0.5403803675179596
200	1.0	20	0.5423630771051912
200	1.0	20	0.5380378704272286
200	1.0	20	0.545055728889852
200	1.0	30	0.5440926860894626
200	1.0	30	0.5388599970240632
200	1.0	30	0.538378477939886
200	1.0	30	0.5453097865461634
200	1.0	30	0.5493077501627867
200	1.0	30	0.5376053426930641
200	1.0	40	0.5588511789242199
200	1.0	40	0.5553792125844977
200	1.0	40	0.5520101560601436
200	1.0	40	0.5429925777508803
200	1.0	40	0.5576699080350462
200	1.0	40	0.5313599782229089
200	1.0	50	0.5336067786757684
200	1.0	50	0.5532480791326757
200	1.0	50	0.5843752454192929
200	1.0	50	0.539152754359756
200	1.0	50	0.5386857918010365
200	1.0	50	0.5581085084415823
