	2	54	87	88	85	97	75	41	94	14	26	25	27	24	43	103	104	95	82	58	67	30	59	77	32	31	65	46	45	48	63	64	68	34	78	89	66	98	72	36	69	70	106	105	101	93	44	99	100	53	83	84	57	90
2	0.0	1.438403726910501	1.24513445509145	1.070259182200782	1.0313753972179196	0.8370389675610955	0.6840847774808981	0.0189408028122941	0.2317268959692516	0.0	0.0	0.0	0.0	0.0	0.0	0.0	0.0	0.0	0.0	0.0	0.0	0.0	0.0	0.0	0.0	0.0	0.0	0.0	0.0	0.0	0.0	0.0	0.0	0.0	0.0	0.0	0.0	0.0	0.0	0.0	0.0	0.0	0.0	0.0	0.0	0.0	0.0	0.0	0.0	0.0	0.0	0.0	0.0	0.0
54	1.438403726910501	0.0	0.06103803990332836	0.0	0.0	0.0	0.0	0.0	0.0	0.0	0.0	0.0	0.0	0.0	0.0	0.0	0.0	0.0	0.0	0.0	0.0	0.0	0.0	0.0	0.0	0.0	0.0	0.0	0.0	0.0	0.0	0.0	0.0	0.0	0.0	0.0	0.0	0.0	0.0	0.0	0.0	0.0	0.0	0.0	0.0	0.0	0.0	0.0	0.0	0.06823845126509323	0.0	0.0	0.0	0.0
87	1.24513445509145	0.06103803990332836	0.0	0.011170166156715691	0.06908017381773883	0.0	0.0	0.0	0.0	0.0	0.0	0.0	0.0	0.0	0.0	0.0	0.0	0.0	0.0	0.0	0.0	0.0	0.0	0.0	0.0	0.0	0.0	0.0	0.0	0.0	0.0	0.0	0.0	0.4667252886407932	0.0	0.0	0.0	0.0	0.3775140851691179	0.0	0.0	0.0	0.0	0.0	0.0	0.0	0.0	0.0	0.0	0.10900665937146718	0.0	0.26011734668058534	0.0	0.0
88	1.070259182200782	0.0	0.011170166156715691	0.0	-0.057488452160235806	0.0	0.0	0.0	0.0	0.0	0.0	0.0	0.0	0.0	0.0	0.0	0.0	0.0	0.0	0.0	0.0	0.0	0.0	0.0	0.0	0.0	0.0	0.0	0.0	0.0	0.0	0.0	0.0	0.0	0.0	0.0	0.0	0.0	0.0	0.0	0.0	0.0	0.0	0.0	0.0	0.0	0.0	0.0	0.0	0.0	0.0	0.0	0.0	0.0
85	1.0313753972179196	0.0	0.06908017381773883	-0.057488452160235806	0.0	0.029007474231079647	0.0	0.0	0.0	0.0	0.0	0.0	0.0	0.0	0.0	0.0	0.0	0.0	0.0	0.0	0.0	0.0	0.0	0.0	0.0	0.0	0.0	0.0	0.0	0.0	0.0	0.0	0.0	0.5959140340645734	0.0	0.0	0.0	0.13912232866731522	0.0	0.0	0.0	0.0	0.0	0.0	0.0	0.0	0.0	0.0	0.0	0.0	0.0	0.0	0.0	0.0
97	0.8370389675610955	0.0	0.0	0.0	0.029007474231079647	0.0	0.10683521294447107	0.0	0.0	0.0	0.0	0.0	0.0	0.0	0.0	0.0	0.0	0.0	0.0	0.0	0.0	0.0	0.0	0.0	0.0	0.0	0.0	0.0	0.0	0.0	0.0	0.0	0.0	0.0	0.0	0.0	0.0	-0.04068984897874833	0.0	0.0	0.0	0.0	0.0	0.0	0.0	0.0	0.0	0.0	0.0	0.0	0.0	0.0	0.0	0.0
75	0.6840847774808981	0.0	0.0	0.0	0.0	0.10683521294447107	0.0	0.16984077117371124	0.0	0.0	0.0	0.0	0.0	0.0	0.0	0.0	0.0	0.0	0.0	0.0	0.0	0.0	0.0	0.0	0.0	0.0	0.0	0.0	0.0	0.0	0.0	0.0	0.0	0.0	0.0	0.005314103019375793	0.0	0.03713011833567165	0.0	0.0	0.0	0.0	0.0	0.0	0.0	0.0	0.0	0.0	0.0	0.0	0.0	0.0	0.0	-0.0763395410034907
41	0.0189408028122941	0.0	0.0	0.0	0.0	0.0	0.16984077117371124	0.0	-0.10370039222193855	0.0	0.0	0.0	0.0	0.0	0.0	0.20552183564195406	0.0	0.2344402297267406	0.22222402037015776	0.0	0.0	0.0	0.0	0.0	0.0	0.0	0.0	0.0	0.0	0.0	0.0	0.0	0.0	0.0	0.31565550377848806	-0.04760709950653988	0.0	0.0	0.0	0.0	0.0	0.0	0.2965606882048903	0.1960467302148566	-0.09713717753409848	-0.18886633633560568	0.0	0.0	0.0	0.0	0.0	0.0	0.0	0.0
94	0.2317268959692516	0.0	0.0	0.0	0.0	0.0	0.0	-0.10370039222193855	0.0	0.0	0.0	0.0	0.0	0.0	0.0	0.0	0.0	0.0	0.0	0.0	0.0	0.0	0.0	0.0	0.0	0.0	0.0	0.0	0.0	0.0	0.0	0.0	0.0	0.0	0.0	0.0	0.0	0.0	0.0	0.0	0.0	0.0	0.0	0.0	0.0	-0.02548977077226315	0.19213449547725614	-0.015083913303477206	0.0	0.0	0.0	0.0	0.0	0.0
14	0.0	0.0	0.0	0.0	0.0	0.0	0.0	0.0	0.0	0.0	-0.009845087264051547	-0.08164189708939301	-0.024970806453911476	0.0	0.0	0.0	0.0	0.0	0.0	0.0	0.0	0.0	0.0	0.0	0.0	0.0	0.0	0.0	0.0	0.0	0.0	0.0	0.0	0.0	0.0	0.0	0.0	0.0	0.0	0.0	0.0	0.0	0.0	0.0	0.0	0.0	0.0	0.0	0.0	0.0	0.0	0.0	0.0	0.0
26	0.0	0.0	0.0	0.0	0.0	0.0	0.0	0.0	0.0	-0.009845087264051547	0.0	0.04367724125236322	0.0	0.0	0.0	0.0	0.0	0.0	0.0	1.3985813983135502	0.8840843455062513	0.0	1.2752898890119944	1.2241867281521146	0.9257124468497315	0.9258261444749357	0.9714039819158331	0.0	0.0	0.0	0.0	0.0	0.0	0.0	0.0	0.0	0.0	0.0	0.0	0.0	0.0	0.0	0.0	0.0	0.0	0.0	0.0	0.0	0.0	0.0	0.0	0.0	0.0	0.0
25	0.0	0.0	0.0	0.0	0.0	0.0	0.0	0.0	0.0	-0.08164189708939301	0.04367724125236322	0.0	0.03905454726033719	0.0	0.0	0.0	0.0	0.0	0.0	0.0	0.8081446017983479	0.39095476484318925	0.0	0.0	0.0	0.0	0.0	0.0	0.0	0.0	0.0	0.0	0.0	0.0	0.0	0.0	0.0	0.0	0.0	0.0	0.0	0.0	0.0	0.0	0.0	0.0	0.0	0.0	0.0	0.0	0.0	0.0	0.0	0.0
27	0.0	0.0	0.0	0.0	0.0	0.0	0.0	0.0	0.0	-0.024970806453911476	0.0	0.03905454726033719	0.0	0.0	0.0	0.0	0.0	0.0	0.0	0.0	0.0	0.17800388108198623	0.0	0.0	0.0	0.0	0.0	0.062258205729287405	-0.07702635900401848	0.0	0.0	0.0	0.0	0.0	0.0	0.0	0.0	0.0	0.0	0.0	0.0	0.0	0.0	0.0	0.0	0.0	0.0	0.0	0.0	0.0	0.0	0.0	0.0	0.0
24	0.0	0.0	0.0	0.0	0.0	0.0	0.0	0.0	0.0	0.0	0.0	0.0	0.0	0.0	0.09648932295233212	0.09082275285182366	0.03742521555224647	0.05009881366531914	0.13385358071527975	0.32953375375973293	0.0	0.0	0.0	0.0	0.0	0.0	0.0	0.0	0.0	0.0	0.0	0.0	0.0	0.0	0.0	0.0	0.0	0.0	0.0	0.0	0.0	0.0	0.0	0.0	0.0	0.0	0.0	0.0	0.0	0.0	0.0	0.0	0.0	0.0
43	0.0	0.0	0.0	0.0	0.0	0.0	0.0	0.0	0.0	0.0	0.0	0.0	0.0	0.09648932295233212	0.0	-0.038408766395421984	0.0	0.0	0.0	0.0	0.0	0.0	0.0	0.0	0.0	0.0	0.0	0.0	0.0	0.0	0.0	0.0	0.0	0.0	0.0	0.0	0.0	0.0	0.0	0.0	0.0	0.0	-0.11261105655435112	0.0	0.0	0.0	-0.1578521360958066	0.0	0.0	0.0	0.0	0.0	0.0	0.0
103	0.0	0.0	0.0	0.0	0.0	0.0	0.0	0.20552183564195406	0.0	0.0	0.0	0.0	0.0	0.09082275285182366	-0.038408766395421984	0.0	0.008039424474950388	0.0931456131102874	0.0	0.0	0.0	0.0	0.0	0.0	0.0	0.0	0.0	0.0	0.0	0.0	0.0	0.0	0.0	0.0	0.0	0.0	0.0	0.0	0.0	0.0	0.0	0.0	-0.05060820401838067	0.0	0.0	0.0	0.0	0.0	0.0	0.0	0.0	0.0	0.0	0.0
104	0.0	0.0	0.0	0.0	0.0	0.0	0.0	0.0	0.0	0.0	0.0	0.0	0.0	0.03742521555224647	0.0	0.008039424474950388	0.0	-0.017845069796444256	0.0	0.0	0.0	0.0	0.0	0.0	0.0	0.0	0.0	0.0	0.0	0.0	0.0	0.0	0.0	0.0	0.0	0.0	0.0	0.0	0.0	0.0	0.0	0.0	0.0	0.0	0.0	0.0	0.0	0.0	0.0	0.0	0.0	0.0	0.0	0.0
95	0.0	0.0	0.0	0.0	0.0	0.0	0.0	0.2344402297267406	0.0	0.0	0.0	0.0	0.0	0.05009881366531914	0.0	0.0931456131102874	-0.017845069796444256	0.0	0.04189256517848364	0.0	0.0	0.0	0.0	0.0	0.0	0.0	0.0	0.0	0.0	0.0	0.0	0.0	0.0	0.0	0.0	0.0	0.0	0.0	0.0	0.0	0.0	0.0	0.0	0.0	0.0	0.0	0.0	0.0	0.0	0.0	0.0	0.0	0.0	0.0
82	0.0	0.0	0.0	0.0	0.0	0.0	0.0	0.22222402037015776	0.0	0.0	0.0	0.0	0.0	0.13385358071527975	0.0	0.0	0.0	0.04189256517848364	0.0	0.0194591688081477	0.0	0.0	0.0	0.0	0.0	0.0	0.0	0.0	0.0	0.0	0.0	0.0	0.0	0.0	0.20621468986100652	0.0	0.0	0.0	0.0	0.0	0.0	0.0	0.0	0.0	0.0	0.0	0.0	0.0	0.0	0.0	0.0	0.0	-0.04623102777684095	0.0
58	0.0	0.0	0.0	0.0	0.0	0.0	0.0	0.0	0.0	0.0	1.3985813983135502	0.0	0.0	0.32953375375973293	0.0	0.0	0.0	0.0	0.0194591688081477	0.0	0.0	0.0	0.033810769429720194	0.0	0.0	0.0	0.0	0.0	0.0	0.0	0.0	0.0	0.0	0.0	0.0	0.0	0.0	0.0	0.0	0.0	0.0	0.0	0.0	0.0	0.0	0.0	0.0	0.0	0.0	0.0	0.0	0.0	-0.030839931539703075	0.0
67	0.0	0.0	0.0	0.0	0.0	0.0	0.0	0.0	0.0	0.0	0.8840843455062513	0.8081446017983479	0.0	0.0	0.0	0.0	0.0	0.0	0.0	0.0	0.0	0.6392447289961225	0.0	0.0	0.0	0.0	0.056040495621990184	0.0	0.0	0.0	0.0	0.0	0.04405372598631784	0.048622904180188074	0.0	0.0	0.0	0.0	0.0	0.0	0.0	0.0	0.0	0.0	0.0	0.0	0.0	0.0	0.0	0.0	0.0	0.0	0.0	0.0
30	0.0	0.0	0.0	0.0	0.0	0.0	0.0	0.0	0.0	0.0	0.0	0.39095476484318925	0.17800388108198623	0.0	0.0	0.0	0.0	0.0	0.0	0.0	0.6392447289961225	0.0	0.0	0.0	0.0	0.0	0.0	0.0635442004547161	0.0	0.18053521106607623	0.10435778221806591	0.02925948396315621	0.47734217819866415	0.6411721871272752	0.0	0.0	0.0	0.0	0.0	0.0	0.0	0.0	0.0	0.0	0.0	0.0	0.0	0.0	0.0	0.0	0.0	0.0	0.0	0.0
59	0.0	0.0	0.0	0.0	0.0	0.0	0.0	0.0	0.0	0.0	1.2752898890119944	0.0	0.0	0.0	0.0	0.0	0.0	0.0	0.0	0.033810769429720194	0.0	0.0	0.0	0.047663774766370154	0.0	0.0	0.0	0.0	0.0	0.0	0.0	0.0	0.0	0.0	0.05530898801682067	0.0	0.0	0.0	0.0	0.0	0.0	0.0	0.0	0.0	0.0	0.0	0.0	0.0	0.0	0.0	0.0	0.0	0.1331149345655343	0.0
77	0.0	0.0	0.0	0.0	0.0	0.0	0.0	0.0	0.0	0.0	1.2241867281521146	0.0	0.0	0.0	0.0	0.0	0.0	0.0	0.0	0.0	0.0	0.0	0.047663774766370154	0.0	0.13240086046633642	0.03833828693315963	0.0	0.0	0.0	0.0	0.0	0.0	0.0	0.0	0.027560900639398672	0.0	0.0	0.0	0.0	0.0	0.0	0.0	0.0	0.0	0.0	0.0	0.0	0.0	0.0	0.0	0.0	0.0	0.0	0.0
32	0.0	0.0	0.0	0.0	0.0	0.0	0.0	0.0	0.0	0.0	0.9257124468497315	0.0	0.0	0.0	0.0	0.0	0.0	0.0	0.0	0.0	0.0	0.0	0.0	0.13240086046633642	0.0	-0.039567819344604474	0.0	0.0	0.0	0.0	0.0	0.0	0.0	0.0	0.0	0.0	0.0	0.0	0.0	0.0	0.0	0.0	0.0	0.0	0.0	0.0	0.0	0.0	0.0	0.0	0.0	0.0	0.0	0.0
31	0.0	0.0	0.0	0.0	0.0	0.0	0.0	0.0	0.0	0.0	0.9258261444749357	0.0	0.0	0.0	0.0	0.0	0.0	0.0	0.0	0.0	0.0	0.0	0.0	0.03833828693315963	-0.039567819344604474	0.0	0.01879186409513245	0.0	0.0	0.0	0.0	0.0	0.0	0.3007304700380855	0.20637668843281393	0.56894232771958	-0.012386052630119465	0.0	0.0	0.0	0.0	0.0	0.0	0.0	0.0	0.0	0.0	0.0	0.0	0.0	0.0	0.0	0.0	0.0
65	0.0	0.0	0.0	0.0	0.0	0.0	0.0	0.0	0.0	0.0	0.9714039819158331	0.0	0.0	0.0	0.0	0.0	0.0	0.0	0.0	0.0	0.056040495621990184	0.0	0.0	0.0	0.0	0.01879186409513245	0.0	0.0	0.0	0.0	0.0	0.0	0.0	0.15642366183741643	0.0	0.0	-0.03554518028423536	0.0	0.0	0.0	0.0	0.0	0.0	0.0	0.0	0.0	0.0	0.0	0.0	0.0	0.0	0.0	0.0	0.0
46	0.0	0.0	0.0	0.0	0.0	0.0	0.0	0.0	0.0	0.0	0.0	0.0	0.062258205729287405	0.0	0.0	0.0	0.0	0.0	0.0	0.0	0.0	0.0635442004547161	0.0	0.0	0.0	0.0	0.0	0.0	-0.03309534653729799	0.0	0.0	0.14021216895677635	0.0	0.0	0.0	0.0	0.0	0.0	0.0	0.0	0.0	0.0	0.0	0.0	0.0	0.0	0.0	0.0	0.0	0.0	0.0	0.0	0.0	0.0
45	0.0	0.0	0.0	0.0	0.0	0.0	0.0	0.0	0.0	0.0	0.0	0.0	-0.07702635900401848	0.0	0.0	0.0	0.0	0.0	0.0	0.0	0.0	0.0	0.0	0.0	0.0	0.0	0.0	-0.03309534653729799	0.0	0.0	0.0	0.0	0.0	0.0	0.0	0.0	0.0	0.0	0.0	0.0	0.0	0.0	0.0	0.0	0.0	0.0	0.0	0.0	0.0	0.0	0.0	0.0	0.0	0.0
48	0.0	0.0	0.0	0.0	0.0	0.0	0.0	0.0	0.0	0.0	0.0	0.0	0.0	0.0	0.0	0.0	0.0	0.0	0.0	0.0	0.0	0.18053521106607623	0.0	0.0	0.0	0.0	0.0	0.0	0.0	0.0	-0.0439686003566924	0.0	0.0	0.5271870863069479	0.0	0.0	0.0	0.0	0.0	0.06139300896163262	0.0	0.0	0.0	0.0	0.0	0.0	0.0	0.0	0.0	0.0	0.0	0.0	0.0	0.0
63	0.0	0.0	0.0	0.0	0.0	0.0	0.0	0.0	0.0	0.0	0.0	0.0	0.0	0.0	0.0	0.0	0.0	0.0	0.0	0.0	0.0	0.10435778221806591	0.0	0.0	0.0	0.0	0.0	0.0	0.0	-0.0439686003566924	0.0	-0.036568272279281194	0.0	0.0	0.0	0.0	0.0	0.0	0.0	0.0	0.0	0.0	0.0	0.0	0.0	0.0	0.0	0.0	0.0	0.0	0.0	0.0	0.0	0.0
64	0.0	0.0	0.0	0.0	0.0	0.0	0.0	0.0	0.0	0.0	0.0	0.0	0.0	0.0	0.0	0.0	0.0	0.0	0.0	0.0	0.0	0.02925948396315621	0.0	0.0	0.0	0.0	0.0	0.14021216895677635	0.0	0.0	-0.036568272279281194	0.0	0.0	0.0	0.0	0.0	0.0	0.0	0.0	0.0	0.0	0.0	0.0	0.0	0.0	0.0	0.0	0.0	0.0	0.0	0.0	0.0	0.0	0.0
68	0.0	0.0	0.0	0.0	0.0	0.0	0.0	0.0	0.0	0.0	0.0	0.0	0.0	0.0	0.0	0.0	0.0	0.0	0.0	0.0	0.04405372598631784	0.47734217819866415	0.0	0.0	0.0	0.0	0.0	0.0	0.0	0.0	0.0	0.0	0.0	0.07682356540476246	0.0	0.0	0.0	0.0	0.0	0.0	0.0	0.0	0.0	0.0	0.0	0.0	0.0	0.0	0.0	0.0	0.0	0.0	0.0	0.0
34	0.0	0.0	0.4667252886407932	0.0	0.5959140340645734	0.0	0.0	0.0	0.0	0.0	0.0	0.0	0.0	0.0	0.0	0.0	0.0	0.0	0.0	0.0	0.048622904180188074	0.6411721871272752	0.0	0.0	0.0	0.3007304700380855	0.15642366183741643	0.0	0.0	0.5271870863069479	0.0	0.0	0.07682356540476246	0.0	0.0	0.8088269821674708	0.22432800052983348	0.6914176341849789	0.37749064578605385	0.48100073298470125	0.0	0.0	0.0	0.0	0.0	0.0	0.0	0.0	0.0	0.0	0.0	0.0	0.0	0.0
78	0.0	0.0	0.0	0.0	0.0	0.0	0.0	0.31565550377848806	0.0	0.0	0.0	0.0	0.0	0.0	0.0	0.0	0.0	0.0	0.20621468986100652	0.0	0.0	0.0	0.05530898801682067	0.027560900639398672	0.0	0.20637668843281393	0.0	0.0	0.0	0.0	0.0	0.0	0.0	0.0	0.0	0.4070386427023887	0.0	0.0	0.0	0.0	0.0	0.0	0.0	0.0	0.0	0.0	0.0	0.0	0.0	0.0	0.0	0.0	0.13222747492938366	0.0
89	0.0	0.0	0.0	0.0	0.0	0.0	0.005314103019375793	-0.04760709950653988	0.0	0.0	0.0	0.0	0.0	0.0	0.0	0.0	0.0	0.0	0.0	0.0	0.0	0.0	0.0	0.0	0.0	0.56894232771958	0.0	0.0	0.0	0.0	0.0	0.0	0.0	0.8088269821674708	0.4070386427023887	0.0	0.0	0.12713355208868266	0.0	0.0	0.0	0.0	0.0	0.0	0.0	0.0	0.0	0.0	0.0	0.0	0.0	0.0	0.0	-0.06603419243325076
66	0.0	0.0	0.0	0.0	0.0	0.0	0.0	0.0	0.0	0.0	0.0	0.0	0.0	0.0	0.0	0.0	0.0	0.0	0.0	0.0	0.0	0.0	0.0	0.0	0.0	-0.012386052630119465	-0.03554518028423536	0.0	0.0	0.0	0.0	0.0	0.0	0.22432800052983348	0.0	0.0	0.0	0.0	0.0	0.0	0.0	0.0	0.0	0.0	0.0	0.0	0.0	0.0	0.0	0.0	0.0	0.0	0.0	0.0
98	0.0	0.0	0.0	0.0	0.13912232866731522	-0.04068984897874833	0.03713011833567165	0.0	0.0	0.0	0.0	0.0	0.0	0.0	0.0	0.0	0.0	0.0	0.0	0.0	0.0	0.0	0.0	0.0	0.0	0.0	0.0	0.0	0.0	0.0	0.0	0.0	0.0	0.6914176341849789	0.0	0.12713355208868266	0.0	0.0	0.0	0.0	0.0	0.0	0.0	0.0	0.0	0.0	0.0	0.0	0.0	0.0	0.0	0.0	0.0	0.034385549613357574
72	0.0	0.0	0.3775140851691179	0.0	0.0	0.0	0.0	0.0	0.0	0.0	0.0	0.0	0.0	0.0	0.0	0.0	0.0	0.0	0.0	0.0	0.0	0.0	0.0	0.0	0.0	0.0	0.0	0.0	0.0	0.0	0.0	0.0	0.0	0.37749064578605385	0.0	0.0	0.0	0.0	0.0	0.20512520721841687	0.03202576569866894	0.028435014894063915	0.0	0.0	0.0	0.0	0.0	0.0	0.0	0.0	0.07464547719053344	-0.031322814983154625	0.0	0.0
36	0.0	0.0	0.0	0.0	0.0	0.0	0.0	0.0	0.0	0.0	0.0	0.0	0.0	0.0	0.0	0.0	0.0	0.0	0.0	0.0	0.0	0.0	0.0	0.0	0.0	0.0	0.0	0.0	0.0	0.06139300896163262	0.0	0.0	0.0	0.48100073298470125	0.0	0.0	0.0	0.0	0.20512520721841687	0.0	0.022397609883314296	0.07954957149997283	0.0	0.0	0.0	0.0	0.0	0.0	0.0	0.0	0.0	0.0	0.0	0.0
69	0.0	0.0	0.0	0.0	0.0	0.0	0.0	0.0	0.0	0.0	0.0	0.0	0.0	0.0	0.0	0.0	0.0	0.0	0.0	0.0	0.0	0.0	0.0	0.0	0.0	0.0	0.0	0.0	0.0	0.0	0.0	0.0	0.0	0.0	0.0	0.0	0.0	0.0	0.03202576569866894	0.022397609883314296	0.0	-0.03510548185772623	0.0	0.0	0.0	0.0	0.0	0.0	0.0	0.0	0.0	0.0	0.0	0.0
70	0.0	0.0	0.0	0.0	0.0	0.0	0.0	0.0	0.0	0.0	0.0	0.0	0.0	0.0	0.0	0.0	0.0	0.0	0.0	0.0	0.0	0.0	0.0	0.0	0.0	0.0	0.0	0.0	0.0	0.0	0.0	0.0	0.0	0.0	0.0	0.0	0.0	0.0	0.028435014894063915	0.07954957149997283	-0.03510548185772623	0.0	0.0	0.0	0.0	0.0	0.0	0.0	0.0	0.0	0.18070215179042054	0.0	0.0	0.0
106	0.0	0.0	0.0	0.0	0.0	0.0	0.0	0.2965606882048903	0.0	0.0	0.0	0.0	0.0	0.0	-0.11261105655435112	-0.05060820401838067	0.0	0.0	0.0	0.0	0.0	0.0	0.0	0.0	0.0	0.0	0.0	0.0	0.0	0.0	0.0	0.0	0.0	0.0	0.0	0.0	0.0	0.0	0.0	0.0	0.0	0.0	0.0	-0.042117201464433277	0.0	0.0	-0.08480327879292004	0.0	0.0	0.0	0.0	0.0	0.0	0.0
105	0.0	0.0	0.0	0.0	0.0	0.0	0.0	0.1960467302148566	0.0	0.0	0.0	0.0	0.0	0.0	0.0	0.0	0.0	0.0	0.0	0.0	0.0	0.0	0.0	0.0	0.0	0.0	0.0	0.0	0.0	0.0	0.0	0.0	0.0	0.0	0.0	0.0	0.0	0.0	0.0	0.0	0.0	0.0	-0.042117201464433277	0.0	-0.20291976808442402	0.0	-0.09604862244171126	0.0	0.0	0.0	0.0	0.0	0.0	0.0
101	0.0	0.0	0.0	0.0	0.0	0.0	0.0	-0.09713717753409848	0.0	0.0	0.0	0.0	0.0	0.0	0.0	0.0	0.0	0.0	0.0	0.0	0.0	0.0	0.0	0.0	0.0	0.0	0.0	0.0	0.0	0.0	0.0	0.0	0.0	0.0	0.0	0.0	0.0	0.0	0.0	0.0	0.0	0.0	0.0	-0.20291976808442402	0.0	-0.15969631589917765	-0.18921112465082923	-0.1120075701432214	-0.16154999359129235	0.0	0.0	0.0	0.0	0.0
93	0.0	0.0	0.0	0.0	0.0	0.0	0.0	-0.18886633633560568	-0.02548977077226315	0.0	0.0	0.0	0.0	0.0	0.0	0.0	0.0	0.0	0.0	0.0	0.0	0.0	0.0	0.0	0.0	0.0	0.0	0.0	0.0	0.0	0.0	0.0	0.0	0.0	0.0	0.0	0.0	0.0	0.0	0.0	0.0	0.0	0.0	0.0	-0.15969631589917765	0.0	0.0	-0.05848970215029146	0.0	0.0	0.0	0.0	0.0	0.0
44	0.0	0.0	0.0	0.0	0.0	0.0	0.0	0.0	0.19213449547725614	0.0	0.0	0.0	0.0	0.0	-0.1578521360958066	0.0	0.0	0.0	0.0	0.0	0.0	0.0	0.0	0.0	0.0	0.0	0.0	0.0	0.0	0.0	0.0	0.0	0.0	0.0	0.0	0.0	0.0	0.0	0.0	0.0	0.0	0.0	-0.08480327879292004	-0.09604862244171126	-0.18921112465082923	0.0	0.0	0.0017087591930219082	-0.08212733007344603	0.0	0.0	0.0	0.0	0.0
99	0.0	0.0	0.0	0.0	0.0	0.0	0.0	0.0	-0.015083913303477206	0.0	0.0	0.0	0.0	0.0	0.0	0.0	0.0	0.0	0.0	0.0	0.0	0.0	0.0	0.0	0.0	0.0	0.0	0.0	0.0	0.0	0.0	0.0	0.0	0.0	0.0	0.0	0.0	0.0	0.0	0.0	0.0	0.0	0.0	0.0	-0.1120075701432214	-0.05848970215029146	0.0017087591930219082	0.0	-0.01133562874772956	0.0	0.0	0.0	0.0	0.0
100	0.0	0.0	0.0	0.0	0.0	0.0	0.0	0.0	0.0	0.0	0.0	0.0	0.0	0.0	0.0	0.0	0.0	0.0	0.0	0.0	0.0	0.0	0.0	0.0	0.0	0.0	0.0	0.0	0.0	0.0	0.0	0.0	0.0	0.0	0.0	0.0	0.0	0.0	0.0	0.0	0.0	0.0	0.0	0.0	-0.16154999359129235	0.0	-0.08212733007344603	-0.01133562874772956	0.0	0.0	0.0	0.0	0.0	0.0
53	0.0	0.06823845126509323	0.10900665937146718	0.0	0.0	0.0	0.0	0.0	0.0	0.0	0.0	0.0	0.0	0.0	0.0	0.0	0.0	0.0	0.0	0.0	0.0	0.0	0.0	0.0	0.0	0.0	0.0	0.0	0.0	0.0	0.0	0.0	0.0	0.0	0.0	0.0	0.0	0.0	0.0	0.0	0.0	0.0	0.0	0.0	0.0	0.0	0.0	0.0	0.0	0.0	0.0732294971750086	0.06942738262377632	0.0	0.0
83	0.0	0.0	0.0	0.0	0.0	0.0	0.0	0.0	0.0	0.0	0.0	0.0	0.0	0.0	0.0	0.0	0.0	0.0	0.0	0.0	0.0	0.0	0.0	0.0	0.0	0.0	0.0	0.0	0.0	0.0	0.0	0.0	0.0	0.0	0.0	0.0	0.0	0.0	0.07464547719053344	0.0	0.0	0.18070215179042054	0.0	0.0	0.0	0.0	0.0	0.0	0.0	0.0732294971750086	0.0	0.011250581097794463	0.0	0.0
84	0.0	0.0	0.26011734668058534	0.0	0.0	0.0	0.0	0.0	0.0	0.0	0.0	0.0	0.0	0.0	0.0	0.0	0.0	0.0	0.0	0.0	0.0	0.0	0.0	0.0	0.0	0.0	0.0	0.0	0.0	0.0	0.0	0.0	0.0	0.0	0.0	0.0	0.0	0.0	-0.031322814983154625	0.0	0.0	0.0	0.0	0.0	0.0	0.0	0.0	0.0	0.0	0.06942738262377632	0.011250581097794463	0.0	0.0	0.0
57	0.0	0.0	0.0	0.0	0.0	0.0	0.0	0.0	0.0	0.0	0.0	0.0	0.0	0.0	0.0	0.0	0.0	0.0	-0.04623102777684095	-0.030839931539703075	0.0	0.0	0.1331149345655343	0.0	0.0	0.0	0.0	0.0	0.0	0.0	0.0	0.0	0.0	0.0	0.13222747492938366	0.0	0.0	0.0	0.0	0.0	0.0	0.0	0.0	0.0	0.0	0.0	0.0	0.0	0.0	0.0	0.0	0.0	0.0	0.0
90	0.0	0.0	0.0	0.0	0.0	0.0	-0.0763395410034907	0.0	0.0	0.0	0.0	0.0	0.0	0.0	0.0	0.0	0.0	0.0	0.0	0.0	0.0	0.0	0.0	0.0	0.0	0.0	0.0	0.0	0.0	0.0	0.0	0.0	0.0	0.0	0.0	-0.06603419243325076	0.0	0.034385549613357574	0.0	0.0	0.0	0.0	0.0	0.0	0.0	0.0	0.0	0.0	0.0	0.0	0.0	0.0	0.0	0.0
