	5	11	26	50	7	14	13	20	57	53	46	30	19	60	65	21	29	38	64	34	32	31	23	40	45	39	49	63	62	61	47	55	66	58
5	0.0	0.10219961408088934	0.12062493811017413	0.3097324659149876	0.0	0.0	0.0	0.0	0.0	0.0	0.0	0.0	0.0	0.0	0.0	0.0	0.0	0.0	0.0	0.0	0.0	0.0	0.0	0.0	0.0	0.0	0.0	0.0	0.0	0.0	0.0	0.0	0.0	0.0
11	0.10219961408088934	0.0	0.0	0.36807804855377607	0.0	0.0	0.0	0.0	0.0	0.0	0.0	0.0	0.09693851113054168	0.3188690368790365	0.3593400177119044	0.0	0.0	0.0	0.0	0.0	0.0	0.0	0.0	0.0	0.0	0.0	0.0	0.0	0.0	0.0	0.0	0.0	0.0	0.0
26	0.12062493811017413	0.0	0.0	0.22175947942211785	0.0	0.0	0.0	0.0	0.0	0.0	0.0	0.0	0.0	0.0	0.0	0.0	0.0	0.0	0.0	0.0	0.0	0.0	0.0	0.13109432785252756	0.0	0.0	0.0	0.0	0.0	0.0	0.0	0.0	0.0	0.0
50	0.3097324659149876	0.36807804855377607	0.22175947942211785	0.0	0.0	0.0	0.0	0.0	0.0	0.0	0.0	0.0	0.0	0.17229870002448447	0.0	0.0	0.0	0.0	0.0	0.0	0.0	0.0	0.0	0.4324901824590687	0.0	0.0	0.06265350129182616	0.0	0.0	0.0	-0.07178193670117843	0.0	0.0	0.0
7	0.0	0.0	0.0	0.0	0.0	-0.1310484918139713	-0.04526221691022936	0.13207667928713568	0.3906116890763526	0.2711758173490735	0.30723287377430636	0.1531651043468482	0.0	0.0	0.0	0.0	0.0	0.0	0.0	0.0	0.0	0.0	0.0	0.0	0.0	0.0	0.0	0.0	0.0	0.0	0.0	0.0	0.0	0.0
14	0.0	0.0	0.0	0.0	-0.1310484918139713	0.0	-0.11764317047927947	0.0	0.0	0.0	0.0	0.0	0.0	0.0	0.0	0.0	0.0	0.0	0.0	0.0	0.0	0.0	0.0	0.0	0.0	0.0	0.0	0.0	0.0	0.0	0.0	0.0	0.0	0.0
13	0.0	0.0	0.0	0.0	-0.04526221691022936	-0.11764317047927947	0.0	0.0	0.0	0.0	0.0	0.0	0.0	0.0	0.0	0.0	0.0	0.0	0.0	0.0	0.0	0.0	0.0	0.0	0.0	0.0	0.0	0.0	0.0	0.0	0.0	0.0	0.0	0.0
20	0.0	0.0	0.0	0.0	0.13207667928713568	0.0	0.0	0.0	0.33214692107289995	0.0	0.0	0.0	0.07201165274004132	0.0	0.3841738549451476	0.0	0.0	0.0	0.0	0.0	0.0	0.0	0.0	0.0	0.0	0.0	0.0	0.0	0.0	0.0	0.0	0.0	0.0	0.0
57	0.0	0.0	0.0	0.0	0.3906116890763526	0.0	0.0	0.33214692107289995	0.0	0.26809592085700207	0.0	0.0	0.0	0.0	0.010429358552187656	0.0	0.0	0.0	0.0	0.0	0.0	0.0	0.0	0.0	0.0	0.0	0.0	0.0	0.0	0.0	0.0	0.0	0.0	-0.043769975066055684
53	0.0	0.0	0.0	0.0	0.2711758173490735	0.0	0.0	0.0	0.26809592085700207	0.0	0.3346382797154298	0.0	0.0	0.0	0.0	0.0	0.0	0.0	0.0	0.0	0.0	0.0	0.0	0.0	0.0	0.0	0.0	0.0	0.0	0.032977864243374976	0.0	0.0	0.0	0.08595577510643823
46	0.0	0.0	0.0	0.0	0.30723287377430636	0.0	0.0	0.0	0.0	0.3346382797154298	0.0	0.47820506662787865	0.0	0.0	0.0	0.0	0.0	0.0	0.0	0.0	0.0	0.0	0.0	0.0	-0.0733307634502094	0.0	0.0	0.0	0.12957760162316073	0.20323235429181857	0.0	0.0	0.0	0.0
30	0.0	0.0	0.0	0.0	0.1531651043468482	0.0	0.0	0.0	0.0	0.0	0.47820506662787865	0.0	0.0	0.0	0.0	0.0	-0.02520420105488358	0.0	0.0	0.0	0.0	0.0	0.07723324040196064	0.0	0.3939206995967261	0.0	0.0	0.0	0.0	0.0	0.0	0.0	0.0	0.0
19	0.0	0.09693851113054168	0.0	0.0	0.0	0.0	0.0	0.07201165274004132	0.0	0.0	0.0	0.0	0.0	0.0	0.38525833052203	0.0	0.0	0.0	0.0	0.0	0.0	0.0	0.0	0.0	0.0	0.0	0.0	0.0	0.0	0.0	0.0	0.0	0.0	0.0
60	0.0	0.3188690368790365	0.0	0.17229870002448447	0.0	0.0	0.0	0.0	0.0	0.0	0.0	0.0	0.0	0.0	0.05971411695962381	0.0	0.0	0.0	0.0	0.0	0.0	0.0	0.0	0.0	0.0	0.0	0.0	0.0	0.0	0.0	-0.003390882947609919	0.0	0.041275241251627286	0.0
65	0.0	0.3593400177119044	0.0	0.0	0.0	0.0	0.0	0.3841738549451476	0.010429358552187656	0.0	0.0	0.0	0.38525833052203	0.05971411695962381	0.0	0.0	0.0	0.0	0.0	0.0	0.0	0.0	0.0	0.0	0.0	0.0	0.0	0.0	0.0	0.0	0.0	0.0	-0.0301297096805802	0.03382320301610804
21	0.0	0.0	0.0	0.0	0.0	0.0	0.0	0.0	0.0	0.0	0.0	0.0	0.0	0.0	0.0	0.0	0.6131186907193599	0.46878053773317896	0.255497302162484	0.17463614950335993	-0.05491598880704754	0.1945531367393379	0.40006214257230593	0.0	0.0	0.0	0.0	0.0	0.0	0.0	0.0	0.0	0.0	0.0
29	0.0	0.0	0.0	0.0	0.0	0.0	0.0	0.0	0.0	0.0	0.0	-0.02520420105488358	0.0	0.0	0.0	0.6131186907193599	0.0	0.3692162777007842	0.0	0.0	0.0	0.0	-0.1472832970639779	0.0	0.27873067541741936	0.0	0.0	0.0	0.0	0.0	0.0	0.0	0.0	0.0
38	0.0	0.0	0.0	0.0	0.0	0.0	0.0	0.0	0.0	0.0	0.0	0.0	0.0	0.0	0.0	0.46878053773317896	0.3692162777007842	0.0	0.1056337017838593	0.0	0.0	0.0	0.0	0.0	0.10196205105605392	0.0	0.0	0.09713525309192302	0.0	0.0	0.0	0.0	0.0	0.0
64	0.0	0.0	0.0	0.0	0.0	0.0	0.0	0.0	0.0	0.0	0.0	0.0	0.0	0.0	0.0	0.255497302162484	0.0	0.1056337017838593	0.0	0.3179078732785098	0.0	0.0	0.0	0.0	0.0	0.0	0.23443132965574434	-0.05939794983797386	0.0	0.0	0.0	0.0037179149035017622	0.0	0.0
34	0.0	0.0	0.0	0.0	0.0	0.0	0.0	0.0	0.0	0.0	0.0	0.0	0.0	0.0	0.0	0.17463614950335993	0.0	0.0	0.3179078732785098	0.0	0.0	0.0	0.0	0.0	0.0	0.1140789089859221	0.47777669915090426	0.0	0.0	0.0	0.0	0.0	0.0	0.0
32	0.0	0.0	0.0	0.0	0.0	0.0	0.0	0.0	0.0	0.0	0.0	0.0	0.0	0.0	0.0	-0.05491598880704754	0.0	0.0	0.0	0.0	0.0	-0.06542904034939592	0.0	0.0	0.0	0.0	0.0	0.0	0.0	0.0	0.0	0.0	0.0	0.0
31	0.0	0.0	0.0	0.0	0.0	0.0	0.0	0.0	0.0	0.0	0.0	0.0	0.0	0.0	0.0	0.1945531367393379	0.0	0.0	0.0	0.0	-0.06542904034939592	0.0	-0.07013979253183696	0.0	0.0	0.0	0.0	0.0	0.0	0.0	0.0	0.0	0.0	0.0
23	0.0	0.0	0.0	0.0	0.0	0.0	0.0	0.0	0.0	0.0	0.0	0.07723324040196064	0.0	0.0	0.0	0.40006214257230593	-0.1472832970639779	0.0	0.0	0.0	0.0	-0.07013979253183696	0.0	0.0	0.0	0.0	0.0	0.0	0.0	0.0	0.0	0.0	0.0	0.0
40	0.0	0.0	0.13109432785252756	0.4324901824590687	0.0	0.0	0.0	0.0	0.0	0.0	0.0	0.0	0.0	0.0	0.0	0.0	0.0	0.0	0.0	0.0	0.0	0.0	0.0	0.0	0.0	0.08969802177250859	0.3594458076702342	0.0	0.0	0.0	0.0	0.0	0.0	0.0
45	0.0	0.0	0.0	0.0	0.0	0.0	0.0	0.0	0.0	0.0	-0.0733307634502094	0.3939206995967261	0.0	0.0	0.0	0.0	0.27873067541741936	0.10196205105605392	0.0	0.0	0.0	0.0	0.0	0.0	0.0	0.0	0.0	0.16053321355102268	0.18578162553212016	0.0	0.0	0.0	0.0	0.0
39	0.0	0.0	0.0	0.0	0.0	0.0	0.0	0.0	0.0	0.0	0.0	0.0	0.0	0.0	0.0	0.0	0.0	0.0	0.0	0.1140789089859221	0.0	0.0	0.0	0.08969802177250859	0.0	0.0	0.3612375876949483	0.0	0.0	0.0	0.0	0.0	0.0	0.0
49	0.0	0.0	0.0	0.06265350129182616	0.0	0.0	0.0	0.0	0.0	0.0	0.0	0.0	0.0	0.0	0.0	0.0	0.0	0.0	0.23443132965574434	0.47777669915090426	0.0	0.0	0.0	0.3594458076702342	0.0	0.3612375876949483	0.0	0.0	0.0	0.0	-0.11670044012903497	-0.009093861516920376	0.0	0.0
63	0.0	0.0	0.0	0.0	0.0	0.0	0.0	0.0	0.0	0.0	0.0	0.0	0.0	0.0	0.0	0.0	0.0	0.09713525309192302	-0.05939794983797386	0.0	0.0	0.0	0.0	0.0	0.16053321355102268	0.0	0.0	0.0	0.4803929819014383	0.5101929289176349	0.0	-0.08222630535772392	0.0	0.0
62	0.0	0.0	0.0	0.0	0.0	0.0	0.0	0.0	0.0	0.0	0.12957760162316073	0.0	0.0	0.0	0.0	0.0	0.0	0.0	0.0	0.0	0.0	0.0	0.0	0.0	0.18578162553212016	0.0	0.0	0.4803929819014383	0.0	0.03841590297185436	0.0	0.0	0.0	0.0
61	0.0	0.0	0.0	0.0	0.0	0.0	0.0	0.0	0.0	0.032977864243374976	0.20323235429181857	0.0	0.0	0.0	0.0	0.0	0.0	0.0	0.0	0.0	0.0	0.0	0.0	0.0	0.0	0.0	0.0	0.5101929289176349	0.03841590297185436	0.0	0.0	0.8252864080999087	0.0	0.23186331365999852
47	0.0	0.0	0.0	-0.07178193670117843	0.0	0.0	0.0	0.0	0.0	0.0	0.0	0.0	0.0	-0.003390882947609919	0.0	0.0	0.0	0.0	0.0	0.0	0.0	0.0	0.0	0.0	0.0	0.0	-0.11670044012903497	0.0	0.0	0.0	0.0	0.026188867943683025	0.1316796302709496	0.0
55	0.0	0.0	0.0	0.0	0.0	0.0	0.0	0.0	0.0	0.0	0.0	0.0	0.0	0.0	0.0	0.0	0.0	0.0	0.0037179149035017622	0.0	0.0	0.0	0.0	0.0	0.0	0.0	-0.009093861516920376	-0.08222630535772392	0.0	0.8252864080999087	0.026188867943683025	0.0	0.529019688153261	0.7045689837694792
66	0.0	0.0	0.0	0.0	0.0	0.0	0.0	0.0	0.0	0.0	0.0	0.0	0.0	0.041275241251627286	-0.0301297096805802	0.0	0.0	0.0	0.0	0.0	0.0	0.0	0.0	0.0	0.0	0.0	0.0	0.0	0.0	0.0	0.1316796302709496	0.529019688153261	0.0	0.1543035632902089
58	0.0	0.0	0.0	0.0	0.0	0.0	0.0	0.0	-0.043769975066055684	0.08595577510643823	0.0	0.0	0.0	0.0	0.03382320301610804	0.0	0.0	0.0	0.0	0.0	0.0	0.0	0.0	0.0	0.0	0.0	0.0	0.0	0.0	0.23186331365999852	0.0	0.7045689837694792	0.1543035632902089	0.0
